   9.0000000e+00
   9.0203998e+00
   9.0408458e+00
   9.0613382e+00
   9.0818770e+00
   9.1024624e+00
   9.1230944e+00
   9.1437733e+00
   9.1644989e+00
   9.1852716e+00
   9.2060913e+00
   9.2269583e+00
   9.2478725e+00
   9.2688341e+00
   9.2898433e+00
   9.3109000e+00
   9.3320045e+00
   9.3531568e+00
   9.3743571e+00
   9.3956054e+00
   9.4169019e+00
   9.4382467e+00
   9.4596398e+00
   9.4810815e+00
   9.5025717e+00
   9.5241107e+00
   9.5456984e+00
   9.5673351e+00
   9.5890209e+00
   9.6107557e+00
   9.6325399e+00
   9.6543734e+00
   9.6762565e+00
   9.6981891e+00
   9.7201714e+00
   9.7422036e+00
   9.7642857e+00
   9.7864179e+00
   9.8086002e+00
   9.8308328e+00
   9.8531158e+00
   9.8754493e+00
   9.8978334e+00
   9.9202683e+00
   9.9427540e+00
   9.9652907e+00
   9.9878784e+00
   1.0010517e+01
   1.0033208e+01
   1.0055949e+01
   1.0078743e+01
   1.0101588e+01
   1.0124484e+01
   1.0147433e+01
   1.0170433e+01
   1.0193486e+01
   1.0216591e+01
   1.0239749e+01
   1.0262958e+01
   1.0286221e+01
   1.0309536e+01
   1.0332904e+01
   1.0356325e+01
   1.0379799e+01
   1.0403327e+01
   1.0426907e+01
   1.0450541e+01
   1.0474229e+01
   1.0497970e+01
   1.0521765e+01
   1.0545615e+01
   1.0569518e+01
   1.0593475e+01
   1.0617487e+01
   1.0641553e+01
   1.0665673e+01
   1.0689849e+01
   1.0714079e+01
   1.0738364e+01
   1.0762704e+01
   1.0787099e+01
   1.0811549e+01
   1.0836055e+01
   1.0860617e+01
   1.0885234e+01
   1.0909907e+01
   1.0934636e+01
   1.0959421e+01
   1.0984262e+01
   1.1009159e+01
   1.1034113e+01
   1.1059124e+01
   1.1084191e+01
   1.1109315e+01
   1.1134495e+01
   1.1159733e+01
   1.1185028e+01
   1.1210381e+01
   1.1235791e+01
   1.1261258e+01
   1.1286784e+01
   1.1312367e+01
   1.1338008e+01
   1.1363707e+01
   1.1389465e+01
   1.1415280e+01
   1.1441155e+01
   1.1467088e+01
   1.1493080e+01
   1.1519130e+01
   1.1545240e+01
   1.1571409e+01
   1.1597637e+01
   1.1623925e+01
   1.1650272e+01
   1.1676679e+01
   1.1703146e+01
   1.1729673e+01
   1.1756260e+01
   1.1782907e+01
   1.1809615e+01
   1.1836383e+01
   1.1863212e+01
   1.1890102e+01
   1.1917052e+01
   1.1944064e+01
   1.1971137e+01
   1.1998271e+01
   1.2025467e+01
   1.2052725e+01
   1.2080044e+01
   1.2107425e+01
   1.2134868e+01
   1.2162374e+01
   1.2189941e+01
   1.2217572e+01
   1.2245264e+01
   1.2273020e+01
   1.2300839e+01
   1.2328720e+01
   1.2356665e+01
   1.2384673e+01
   1.2412745e+01
   1.2440880e+01
   1.2469079e+01
   1.2497342e+01
   1.2525669e+01
   1.2554060e+01
   1.2582516e+01
   1.2611036e+01
   1.2639621e+01
   1.2668270e+01
   1.2696985e+01
   1.2725764e+01
   1.2754609e+01
   1.2783519e+01
   1.2812495e+01
   1.2841536e+01
   1.2870644e+01
   1.2899817e+01
   1.2929056e+01
   1.2958362e+01
   1.2987734e+01
   1.3017172e+01
   1.3046677e+01
   1.3076250e+01
   1.3105889e+01
   1.3135595e+01
   1.3165369e+01
   1.3195210e+01
   1.3225119e+01
   1.3255096e+01
   1.3285140e+01
   1.3315253e+01
   1.3345434e+01
   1.3375683e+01
   1.3406001e+01
   1.3436388e+01
   1.3466843e+01
   1.3497368e+01
   1.3527961e+01
   1.3558624e+01
   1.3589357e+01
   1.3620159e+01
   1.3651031e+01
   1.3681973e+01
   1.3712985e+01
   1.3744068e+01
   1.3775221e+01
   1.3806444e+01
   1.3837739e+01
   1.3869104e+01
   1.3900540e+01
   1.3932048e+01
   1.3963627e+01
   1.3995277e+01
   1.4027000e+01
   1.4058794e+01
   1.4090660e+01
   1.4122599e+01
   1.4154610e+01
   1.4186693e+01
   1.4218849e+01
   1.4251078e+01
   1.4283380e+01
   1.4315756e+01
   1.4348204e+01
   1.4380727e+01
   1.4413323e+01
   1.4445993e+01
   1.4478736e+01
   1.4511555e+01
   1.4544447e+01
   1.4577414e+01
   1.4610456e+01
   1.4643573e+01
   1.4676764e+01
   1.4710031e+01
   1.4743374e+01
   1.4776792e+01
   1.4810286e+01
   1.4843855e+01
   1.4877501e+01
   1.4911223e+01
   1.4945021e+01
   1.4978896e+01
   1.5012848e+01
   1.5046877e+01
   1.5080983e+01
   1.5115166e+01
   1.5149427e+01
   1.5183765e+01
   1.5218181e+01
   1.5252676e+01
   1.5287248e+01
   1.5321899e+01
   1.5356628e+01
   1.5391436e+01
   1.5426323e+01
   1.5461289e+01
   1.5496334e+01
   1.5531459e+01
   1.5566663e+01
   1.5601947e+01
   1.5637311e+01
   1.5672755e+01
   1.5708280e+01
   1.5743885e+01
   1.5779571e+01
   1.5815337e+01
   1.5851185e+01
   1.5887114e+01
   1.5923125e+01
   1.5959217e+01
   1.5995390e+01
   1.6031646e+01
   1.6067984e+01
   1.6104405e+01
   1.6140908e+01
   1.6177493e+01
   1.6214162e+01
   1.6250914e+01
   1.6287749e+01
   1.6324667e+01
   1.6361670e+01
   1.6398756e+01
   1.6435926e+01
   1.6473180e+01
   1.6510519e+01
   1.6547942e+01
   1.6585451e+01
   1.6623044e+01
   1.6660723e+01
   1.6698486e+01
   1.6736336e+01
   1.6774271e+01
   1.6812293e+01
   1.6850400e+01
   1.6888594e+01
   1.6926874e+01
   1.6965242e+01
   1.7003696e+01
   1.7042237e+01
   1.7080866e+01
   1.7119582e+01
   1.7158386e+01
   1.7197278e+01
   1.7236258e+01
   1.7275326e+01
   1.7314483e+01
   1.7353729e+01
   1.7393064e+01
   1.7432488e+01
   1.7472001e+01
   1.7511604e+01
   1.7551296e+01
   1.7591079e+01
   1.7630952e+01
   1.7670915e+01
   1.7710968e+01
   1.7751113e+01
   1.7791348e+01
   1.7831675e+01
   1.7872093e+01
   1.7912603e+01
   1.7953204e+01
   1.7993898e+01
   1.8034683e+01
   1.8075562e+01
   1.8116532e+01
   1.8157596e+01
   1.8198753e+01
   1.8240003e+01
   1.8281347e+01
   1.8322784e+01
   1.8364315e+01
   1.8405941e+01
   1.8447660e+01
   1.8489475e+01
   1.8531384e+01
   1.8573388e+01
   1.8615487e+01
   1.8657682e+01
   1.8699972e+01
   1.8742358e+01
   1.8784840e+01
   1.8827419e+01
   1.8870094e+01
   1.8912866e+01
   1.8955734e+01
   1.8998700e+01
   1.9041764e+01
   1.9084925e+01
   1.9128183e+01
   1.9171540e+01
   1.9214995e+01
   1.9258549e+01
   1.9302201e+01
   1.9345952e+01
   1.9389802e+01
   1.9433752e+01
   1.9477802e+01
   1.9521951e+01
   1.9566200e+01
   1.9610550e+01
   1.9655000e+01
   1.9699551e+01
   1.9744203e+01
   1.9788956e+01
   1.9833810e+01
   1.9878766e+01
   1.9923825e+01
   1.9968985e+01
   2.0014247e+01
   2.0059612e+01
   2.0105080e+01
   2.0150652e+01
   2.0196326e+01
   2.0242104e+01
   2.0287985e+01
   2.0333971e+01
   2.0380061e+01
   2.0426255e+01
   2.0472554e+01
   2.0518958e+01
   2.0565467e+01
   2.0612082e+01
   2.0658802e+01
   2.0705628e+01
   2.0752561e+01
   2.0799599e+01
   2.0846745e+01
   2.0893997e+01
   2.0941356e+01
   2.0988823e+01
   2.1036397e+01
   2.1084079e+01
   2.1131869e+01
   2.1179767e+01
   2.1227774e+01
   2.1275890e+01
   2.1324115e+01
   2.1372449e+01
   2.1420893e+01
   2.1469446e+01
   2.1518110e+01
   2.1566884e+01
   2.1615768e+01
   2.1664764e+01
   2.1713870e+01
   2.1763087e+01
   2.1812417e+01
   2.1861858e+01
   2.1911411e+01
   2.1961076e+01
   2.2010854e+01
   2.2060745e+01
   2.2110749e+01
   2.2160866e+01
   2.2211097e+01
   2.2261441e+01
   2.2311900e+01
   2.2362473e+01
   2.2413161e+01
   2.2463963e+01
   2.2514881e+01
   2.2565914e+01
   2.2617063e+01
   2.2668328e+01
   2.2719709e+01
   2.2771207e+01
   2.2822821e+01
   2.2874552e+01
   2.2926401e+01
   2.2978367e+01
   2.3030450e+01
   2.3082652e+01
   2.3134972e+01
   2.3187411e+01
   2.3239969e+01
   2.3292645e+01
   2.3345442e+01
   2.3398357e+01
   2.3451393e+01
   2.3504549e+01
   2.3557825e+01
   2.3611223e+01
   2.3664741e+01
   2.3718380e+01
   2.3772142e+01
   2.3826025e+01
   2.3880030e+01
   2.3934157e+01
   2.3988407e+01
   2.4042781e+01
   2.4097277e+01
   2.4151897e+01
   2.4206641e+01
   2.4261508e+01
   2.4316501e+01
   2.4371617e+01
   2.4426859e+01
   2.4482226e+01
   2.4537719e+01
   2.4593337e+01
   2.4649081e+01
   2.4704952e+01
   2.4760949e+01
   2.4817074e+01
   2.4873325e+01
   2.4929704e+01
   2.4986211e+01
   2.5042846e+01
   2.5099609e+01
   2.5156501e+01
   2.5213522e+01
   2.5270672e+01
   2.5327951e+01
   2.5385361e+01
   2.5442900e+01
   2.5500570e+01
   2.5558371e+01
   2.5616303e+01
   2.5674366e+01
   2.5732560e+01
   2.5790887e+01
   2.5849346e+01
   2.5907937e+01
   2.5966661e+01
   2.6025518e+01
   2.6084509e+01
   2.6143633e+01
   2.6202891e+01
   2.6262284e+01
   2.6321811e+01
   2.6381473e+01
   2.6441271e+01
   2.6501204e+01
   2.6561272e+01
   2.6621477e+01
   2.6681819e+01
   2.6742297e+01
   2.6802912e+01
   2.6863665e+01
   2.6924555e+01
   2.6985584e+01
   2.7046750e+01
   2.7108056e+01
   2.7169500e+01
   2.7231084e+01
   2.7292807e+01
   2.7354670e+01
   2.7416673e+01
   2.7478817e+01
   2.7541102e+01
   2.7603527e+01
   2.7666095e+01
   2.7728804e+01
   2.7791655e+01
   2.7854649e+01
   2.7917786e+01
   2.7981065e+01
   2.8044488e+01
   2.8108055e+01
   2.8171766e+01
   2.8235622e+01
   2.8299622e+01
   2.8363767e+01
   2.8428057e+01
   2.8492494e+01
   2.8557076e+01
   2.8621805e+01
   2.8686680e+01
   2.8751703e+01
   2.8816873e+01
   2.8882190e+01
   2.8947656e+01
   2.9013270e+01
   2.9079033e+01
   2.9144944e+01
   2.9211006e+01
   2.9277216e+01
   2.9343577e+01
   2.9410089e+01
   2.9476751e+01
   2.9543564e+01
   2.9610529e+01
   2.9677646e+01
   2.9744914e+01
   2.9812335e+01
   2.9879909e+01
   2.9947636e+01
   3.0015517e+01
   3.0083552e+01
   3.0151740e+01
   3.0220084e+01
   3.0288582e+01
   3.0357235e+01
   3.0426044e+01
   3.0495009e+01
   3.0564130e+01
   3.0633408e+01
   3.0702844e+01
   3.0772436e+01
   3.0842186e+01
   3.0912094e+01
   3.0982161e+01
   3.1052387e+01
   3.1122771e+01
   3.1193315e+01
   3.1264020e+01
   3.1334884e+01
   3.1405909e+01
   3.1477095e+01
   3.1548442e+01
   3.1619951e+01
   3.1691623e+01
   3.1763456e+01
   3.1835453e+01
   3.1907612e+01
   3.1979936e+01
   3.2052423e+01
   3.2125074e+01
   3.2197890e+01
   3.2270871e+01
   3.2344018e+01
   3.2417330e+01
   3.2490809e+01
   3.2564454e+01
   3.2638266e+01
   3.2712245e+01
   3.2786392e+01
   3.2860707e+01
   3.2935191e+01
   3.3009843e+01
   3.3084665e+01
   3.3159656e+01
   3.3234817e+01
   3.3310148e+01
   3.3385651e+01
   3.3461324e+01
   3.3537169e+01
   3.3613186e+01
   3.3689375e+01
   3.3765737e+01
   3.3842272e+01
   3.3918980e+01
   3.3995862e+01
   3.4072919e+01
   3.4150150e+01
   3.4227556e+01
   3.4305138e+01
   3.4382895e+01
   3.4460829e+01
   3.4538940e+01
   3.4617227e+01
   3.4695692e+01
   3.4774335e+01
   3.4853156e+01
   3.4932155e+01
   3.5011334e+01
   3.5090692e+01
   3.5170230e+01
   3.5249949e+01
   3.5329848e+01
   3.5409928e+01
   3.5490190e+01
   3.5570633e+01
   3.5651259e+01
   3.5732068e+01
   3.5813060e+01
   3.5894235e+01
   3.5975595e+01
   3.6057139e+01
   3.6138867e+01
   3.6220781e+01
   3.6302881e+01
   3.6385167e+01
   3.6467639e+01
   3.6550298e+01
   3.6633144e+01
   3.6716179e+01
   3.6799401e+01
   3.6882812e+01
   3.6966413e+01
   3.7050202e+01
   3.7134182e+01
   3.7218352e+01
   3.7302713e+01
   3.7387265e+01
   3.7472008e+01
   3.7556944e+01
   3.7642072e+01
   3.7727393e+01
   3.7812908e+01
   3.7898616e+01
   3.7984519e+01
   3.8070616e+01
   3.8156909e+01
   3.8243397e+01
   3.8330081e+01
   3.8416962e+01
   3.8504039e+01
   3.8591314e+01
   3.8678787e+01
   3.8766458e+01
   3.8854328e+01
   3.8942397e+01
   3.9030665e+01
   3.9119134e+01
   3.9207803e+01
   3.9296673e+01
   3.9385745e+01
   3.9475018e+01
   3.9564494e+01
   3.9654172e+01
   3.9744054e+01
   3.9834140e+01
   3.9924430e+01
   4.0014924e+01
   4.0105624e+01
   4.0196529e+01
   4.0287640e+01
   4.0378958e+01
   4.0470483e+01
   4.0562215e+01
   4.0654155e+01
   4.0746303e+01
   4.0838661e+01
   4.0931227e+01
   4.1024004e+01
   4.1116991e+01
   4.1210188e+01
   4.1303597e+01
   4.1397218e+01
   4.1491050e+01
   4.1585096e+01
   4.1679354e+01
   4.1773827e+01
   4.1868513e+01
   4.1963414e+01
   4.2058530e+01
   4.2153862e+01
   4.2249410e+01
   4.2345174e+01
   4.2441155e+01
   4.2537354e+01
   4.2633771e+01
   4.2730407e+01
   4.2827262e+01
   4.2924336e+01
   4.3021630e+01
   4.3119145e+01
   4.3216880e+01
   4.3314838e+01
   4.3413017e+01
   4.3511419e+01
   4.3610044e+01
   4.3708892e+01
   4.3807965e+01
   4.3907262e+01
   4.4006784e+01
   4.4106531e+01
   4.4206505e+01
   4.4306706e+01
   4.4407133e+01
   4.4507788e+01
   4.4608672e+01
   4.4709784e+01
   4.4811125e+01
   4.4912696e+01
   4.5014497e+01
   4.5116528e+01
   4.5218792e+01
   4.5321286e+01
   4.5424014e+01
   4.5526974e+01
   4.5630167e+01
   4.5733594e+01
   4.5837256e+01
   4.5941153e+01
   4.6045285e+01
   4.6149653e+01
   4.6254258e+01
   4.6359100e+01
   4.6464180e+01
   4.6569498e+01
   4.6675054e+01
   4.6780850e+01
   4.6886885e+01
   4.6993161e+01
   4.7099678e+01
   4.7206436e+01
   4.7313436e+01
   4.7420679e+01
   4.7528165e+01
   4.7635894e+01
   4.7743868e+01
   4.7852086e+01
   4.7960550e+01
   4.8069259e+01
   4.8178215e+01
   4.8287418e+01
   4.8396868e+01
   4.8506567e+01
   4.8616514e+01
   4.8726710e+01
   4.8837156e+01
   4.8947853e+01
   4.9058800e+01
   4.9169999e+01
   4.9281450e+01
   4.9393153e+01
   4.9505110e+01
   4.9617320e+01
   4.9729785e+01
   4.9842505e+01
   4.9955480e+01
   5.0068711e+01
   5.0182199e+01
   5.0295944e+01
   5.0409947e+01
   5.0524209e+01
   5.0638729e+01
   5.0753509e+01
   5.0868549e+01
   5.0983850e+01
   5.1099412e+01
   5.1215237e+01
   5.1331323e+01
   5.1447673e+01
   5.1564287e+01
   5.1681164e+01
   5.1798307e+01
   5.1915716e+01
   5.2033390e+01
   5.2151331e+01
   5.2269540e+01
   5.2388016e+01
   5.2506761e+01
   5.2625775e+01
   5.2745059e+01
   5.2864613e+01
   5.2984439e+01
   5.3104535e+01
   5.3224904e+01
   5.3345546e+01
   5.3466462e+01
   5.3587651e+01
   5.3709115e+01
   5.3830855e+01
   5.3952870e+01
   5.4075162e+01
   5.4197731e+01
   5.4320578e+01
   5.4443703e+01
   5.4567108e+01
   5.4690792e+01
   5.4814757e+01
   5.4939002e+01
   5.5063529e+01
   5.5188339e+01
   5.5313431e+01
   5.5438807e+01
   5.5564467e+01
   5.5690412e+01
   5.5816642e+01
   5.5943158e+01
   5.6069962e+01
   5.6197052e+01
   5.6324431e+01
   5.6452098e+01
   5.6580055e+01
   5.6708302e+01
   5.6836840e+01
   5.6965668e+01
   5.7094789e+01
   5.7224203e+01
   5.7353910e+01
   5.7483911e+01
   5.7614206e+01
   5.7744797e+01
   5.7875684e+01
   5.8006867e+01
   5.8138348e+01
   5.8270127e+01
   5.8402205e+01
   5.8534582e+01
   5.8667259e+01
   5.8800237e+01
   5.8933516e+01
   5.9067097e+01
   5.9200981e+01
   5.9335169e+01
   5.9469660e+01
   5.9604457e+01
   5.9739559e+01
   5.9874967e+01
   6.0010683e+01
   6.0146705e+01
   6.0283037e+01
   6.0419677e+01
   6.0556627e+01
   6.0693887e+01
   6.0831458e+01
   6.0969342e+01
   6.1107537e+01
   6.1246046e+01
   6.1384869e+01
   6.1524007e+01
   6.1663460e+01
   6.1803229e+01
   6.1943315e+01
   6.2083718e+01
   6.2224440e+01
   6.2365481e+01
   6.2506841e+01
   6.2648522e+01
   6.2790524e+01
   6.2932847e+01
   6.3075494e+01
   6.3218463e+01
   6.3361757e+01
   6.3505376e+01
   6.3649320e+01
   6.3793590e+01
   6.3938187e+01
   6.4083113e+01
   6.4228366e+01
   6.4373949e+01
   6.4519862e+01
   6.4666105e+01
   6.4812680e+01
   6.4959588e+01
   6.5106828e+01
   6.5254402e+01
   6.5402310e+01
   6.5550554e+01
   6.5699134e+01
   6.5848050e+01
   6.5997304e+01
   6.6146897e+01
   6.6296828e+01
   6.6447099e+01
   6.6597711e+01
   6.6748665e+01
   6.6899960e+01
   6.7051599e+01
   6.7203581e+01
   6.7355907e+01
   6.7508579e+01
   6.7661597e+01
   6.7814962e+01
   6.7968674e+01
   6.8122735e+01
   6.8277145e+01
   6.8431905e+01
   6.8587015e+01
   6.8742478e+01
   6.8898292e+01
   6.9054460e+01
   6.9210982e+01
   6.9367859e+01
   6.9525091e+01
   6.9682680e+01
   6.9840626e+01
   6.9998929e+01
   7.0157592e+01
   7.0316614e+01
   7.0475997e+01
   7.0635741e+01
   7.0795847e+01
   7.0956316e+01
   7.1117149e+01
   7.1278346e+01
   7.1439908e+01
   7.1601837e+01
   7.1764133e+01
   7.1926797e+01
   7.2089829e+01
   7.2253231e+01
   7.2417004e+01
   7.2581147e+01
   7.2745663e+01
   7.2910551e+01
   7.3075813e+01
   7.3241450e+01
   7.3407463e+01
   7.3573851e+01
   7.3740617e+01
   7.3907761e+01
   7.4075283e+01
   7.4243185e+01
   7.4411468e+01
   7.4580133e+01
   7.4749179e+01
   7.4918609e+01
   7.5088423e+01
   7.5258621e+01
   7.5429206e+01
   7.5600177e+01
   7.5771536e+01
   7.5943283e+01
   7.6115419e+01
   7.6287946e+01
   7.6460863e+01
   7.6634173e+01
   7.6807875e+01
   7.6981971e+01
   7.7156462e+01
   7.7331348e+01
   7.7506631e+01
   7.7682311e+01
   7.7858389e+01
   7.8034866e+01
   7.8211743e+01
   7.8389021e+01
   7.8566701e+01
   7.8744784e+01
   7.8923271e+01
   7.9102161e+01
   7.9281458e+01
   7.9461161e+01
   7.9641271e+01
   7.9821789e+01
   8.0002717e+01
   8.0184054e+01
   8.0365803e+01
   8.0547964e+01
   8.0730537e+01
   8.0913525e+01
   8.1096927e+01
   8.1280745e+01
   8.1464979e+01
   8.1649631e+01
   8.1834702e+01
   8.2020192e+01
   8.2206103e+01
   8.2392434e+01
   8.2579189e+01
   8.2766366e+01
   8.2953968e+01
   8.3141995e+01
   8.3330449e+01
   8.3519329e+01
   8.3708638e+01
   8.3898375e+01
   8.4088543e+01
   8.4279142e+01
   8.4470173e+01
   8.4661636e+01
   8.4853534e+01
   8.5045867e+01
   8.5238636e+01
   8.5431841e+01
   8.5625485e+01
   8.5819567e+01
   8.6014090e+01
   8.6209053e+01
   8.6404458e+01
   8.6600306e+01
   8.6796598e+01
   8.6993335e+01
   8.7190518e+01
   8.7388148e+01
   8.7586226e+01
   8.7784753e+01
   8.7983729e+01
   8.8183157e+01
   8.8383037e+01
   8.8583370e+01
   8.8784157e+01
   8.8985399e+01
   8.9187097e+01
   8.9389252e+01
   8.9591866e+01
   8.9794939e+01
   8.9998472e+01
   9.0202466e+01
   9.0406923e+01
   9.0611843e+01
   9.0817228e+01
   9.1023079e+01
   9.1229395e+01
   9.1436180e+01
   9.1643433e+01
   9.1851156e+01
   9.2059350e+01
   9.2268016e+01
   9.2477155e+01
   9.2686767e+01
   9.2896855e+01
   9.3107419e+01
   9.3318461e+01
   9.3529980e+01
   9.3741979e+01
   9.3954459e+01
   9.4167420e+01
   9.4380864e+01
   9.4594792e+01
   9.4809205e+01
   9.5024104e+01
   9.5239489e+01
   9.5455363e+01
   9.5671727e+01
   9.5888580e+01
   9.6105926e+01
   9.6323764e+01
   9.6542095e+01
   9.6760922e+01
   9.6980244e+01
   9.7200064e+01
   9.7420382e+01
   9.7641199e+01
   9.7862517e+01
   9.8084336e+01
   9.8306659e+01
   9.8529485e+01
   9.8752816e+01
   9.8976653e+01
   9.9200998e+01
   9.9425852e+01
   9.9651215e+01
   9.9877088e+01
   1.0010347e+02
   1.0033037e+02
   1.0055779e+02
   1.0078571e+02
   1.0101416e+02
   1.0124312e+02
   1.0147261e+02
   1.0170261e+02
   1.0193313e+02
   1.0216418e+02
   1.0239575e+02
   1.0262784e+02
   1.0286046e+02
   1.0309361e+02
   1.0332729e+02
   1.0356149e+02
   1.0379623e+02
   1.0403150e+02
   1.0426730e+02
   1.0450364e+02
   1.0474051e+02
   1.0497792e+02
   1.0521587e+02
   1.0545435e+02
   1.0569338e+02
   1.0593295e+02
   1.0617306e+02
   1.0641372e+02
   1.0665492e+02
   1.0689667e+02
   1.0713897e+02
   1.0738181e+02
   1.0762521e+02
   1.0786916e+02
   1.0811366e+02
   1.0835871e+02
   1.0860432e+02
   1.0885049e+02
   1.0909722e+02
   1.0934450e+02
   1.0959235e+02
   1.0984075e+02
   1.1008972e+02
   1.1033926e+02
   1.1058936e+02
   1.1084002e+02
   1.1109126e+02
   1.1134306e+02
   1.1159544e+02
   1.1184839e+02
   1.1210191e+02
   1.1235600e+02
   1.1261067e+02
   1.1286592e+02
   1.1312175e+02
   1.1337815e+02
   1.1363514e+02
   1.1389271e+02
   1.1415087e+02
   1.1440961e+02
   1.1466893e+02
   1.1492885e+02
   1.1518935e+02
   1.1545044e+02
   1.1571213e+02
   1.1597440e+02
   1.1623728e+02
   1.1650075e+02
   1.1676481e+02
   1.1702948e+02
   1.1729474e+02
   1.1756060e+02
   1.1782707e+02
   1.1809414e+02
   1.1836182e+02
   1.1863011e+02
   1.1889900e+02
   1.1916850e+02
   1.1943861e+02
   1.1970934e+02
   1.1998068e+02
   1.2025263e+02
   1.2052520e+02
   1.2079839e+02
   1.2107219e+02
   1.2134662e+02
   1.2162167e+02
   1.2189734e+02
   1.2217364e+02
   1.2245057e+02
   1.2272812e+02
   1.2300630e+02
   1.2328511e+02
   1.2356455e+02
   1.2384463e+02
   1.2412534e+02
   1.2440669e+02
   1.2468868e+02
   1.2497130e+02
   1.2525457e+02
   1.2553847e+02
   1.2582302e+02
   1.2610822e+02
   1.2639406e+02
   1.2668055e+02
   1.2696769e+02
   1.2725548e+02
   1.2754393e+02
   1.2783302e+02
   1.2812277e+02
   1.2841318e+02
   1.2870425e+02
   1.2899598e+02
   1.2928836e+02
   1.2958142e+02
   1.2987513e+02
   1.3016951e+02
   1.3046456e+02
   1.3076028e+02
   1.3105666e+02
   1.3135372e+02
   1.3165145e+02
   1.3194986e+02
   1.3224894e+02
   1.3254870e+02
   1.3284915e+02
   1.3315027e+02
   1.3345207e+02
   1.3375456e+02
   1.3405773e+02
   1.3436159e+02
   1.3466614e+02
   1.3497138e+02
   1.3527732e+02
   1.3558394e+02
   1.3589126e+02
   1.3619928e+02
   1.3650800e+02
   1.3681741e+02
   1.3712753e+02
   1.3743835e+02
   1.3774987e+02
   1.3806210e+02
   1.3837504e+02
   1.3868868e+02
   1.3900304e+02
   1.3931811e+02
   1.3963390e+02
   1.3995040e+02
   1.4026761e+02
   1.4058555e+02
   1.4090421e+02
   1.4122359e+02
   1.4154369e+02
   1.4186452e+02
   1.4218608e+02
   1.4250836e+02
   1.4283138e+02
   1.4315513e+02
   1.4347961e+02
   1.4380482e+02
   1.4413078e+02
   1.4445747e+02
   1.4478491e+02
   1.4511308e+02
   1.4544200e+02
   1.4577167e+02
   1.4610208e+02
   1.4643324e+02
   1.4676515e+02
   1.4709782e+02
   1.4743123e+02
   1.4776541e+02
   1.4810034e+02
   1.4843603e+02
   1.4877248e+02
   1.4910970e+02
   1.4944768e+02
   1.4978642e+02
   1.5012593e+02
   1.5046621e+02
   1.5080727e+02
   1.5114909e+02
   1.5149170e+02
   1.5183507e+02
   1.5217923e+02
   1.5252417e+02
   1.5286988e+02
   1.5321638e+02
   1.5356367e+02
   1.5391175e+02
   1.5426061e+02
   1.5461026e+02
   1.5496071e+02
   1.5531195e+02
   1.5566399e+02
   1.5601682e+02
   1.5637046e+02
   1.5672489e+02
   1.5708013e+02
   1.5743618e+02
   1.5779303e+02
   1.5815069e+02
   1.5850916e+02
   1.5886844e+02
   1.5922854e+02
   1.5958946e+02
   1.5995119e+02
   1.6031374e+02
   1.6067712e+02
   1.6104131e+02
   1.6140634e+02
   1.6177219e+02
   1.6213887e+02
   1.6250638e+02
   1.6287472e+02
   1.6324390e+02
   1.6361392e+02
   1.6398477e+02
   1.6435647e+02
   1.6472900e+02
   1.6510239e+02
   1.6547661e+02
   1.6585169e+02
   1.6622762e+02
   1.6660440e+02
   1.6698203e+02
   1.6736052e+02
   1.6773986e+02
   1.6812007e+02
   1.6850114e+02
   1.6888307e+02
   1.6926587e+02
   1.6964953e+02
   1.7003407e+02
   1.7041948e+02
   1.7080576e+02
   1.7119291e+02
   1.7158095e+02
   1.7196986e+02
   1.7235965e+02
   1.7275033e+02
   1.7314189e+02
   1.7353435e+02
   1.7392769e+02
   1.7432192e+02
   1.7471704e+02
   1.7511306e+02
   1.7550998e+02
   1.7590780e+02
   1.7630652e+02
   1.7670615e+02
   1.7710668e+02
   1.7750811e+02
   1.7791046e+02
   1.7831372e+02
   1.7871790e+02
   1.7912299e+02
   1.7952899e+02
   1.7993592e+02
   1.8034377e+02
   1.8075255e+02
   1.8116225e+02
   1.8157288e+02
   1.8198444e+02
   1.8239693e+02
   1.8281036e+02
   1.8322473e+02
   1.8364003e+02
   1.8405628e+02
   1.8447347e+02
   1.8489161e+02
   1.8531069e+02
   1.8573072e+02
   1.8615171e+02
   1.8657365e+02
   1.8699654e+02
   1.8742040e+02
   1.8784521e+02
   1.8827099e+02
   1.8869774e+02
   1.8912545e+02
   1.8955413e+02
   1.8998378e+02
   1.9041440e+02
   1.9084600e+02
   1.9127858e+02
   1.9171214e+02
   1.9214669e+02
   1.9258222e+02
   1.9301873e+02
   1.9345624e+02
   1.9389473e+02
   1.9433422e+02
   1.9477471e+02
   1.9521619e+02
   1.9565868e+02
   1.9610217e+02
   1.9654666e+02
   1.9699216e+02
   1.9743867e+02
   1.9788620e+02
   1.9833473e+02
   1.9878429e+02
   1.9923486e+02
   1.9968646e+02
   2.0013907e+02
   2.0059272e+02
   2.0104739e+02
   2.0150309e+02
   2.0195983e+02
   2.0241760e+02
   2.0287641e+02
   2.0333626e+02
   2.0379715e+02
   2.0425908e+02
   2.0472207e+02
   2.0518610e+02
   2.0565118e+02
   2.0611732e+02
   2.0658451e+02
   2.0705277e+02
   2.0752208e+02
   2.0799246e+02
   2.0846391e+02
   2.0893642e+02
   2.0941000e+02
   2.0988466e+02
   2.1036040e+02
   2.1083721e+02
   2.1131510e+02
   2.1179408e+02
   2.1227414e+02
   2.1275529e+02
   2.1323753e+02
   2.1372086e+02
   2.1420529e+02
   2.1469082e+02
   2.1517745e+02
   2.1566518e+02
   2.1615401e+02
   2.1664396e+02
   2.1713501e+02
   2.1762718e+02
   2.1812046e+02
   2.1861486e+02
   2.1911039e+02
   2.1960703e+02
   2.2010480e+02
   2.2060370e+02
   2.2110373e+02
   2.2160489e+02
   2.2210719e+02
   2.2261063e+02
   2.2311521e+02
   2.2362093e+02
   2.2412780e+02
   2.2463582e+02
   2.2514499e+02
   2.2565531e+02
   2.2616679e+02
   2.2667943e+02
   2.2719323e+02
   2.2770820e+02
   2.2822433e+02
   2.2874164e+02
   2.2926011e+02
   2.2977976e+02
   2.3030059e+02
   2.3082260e+02
   2.3134580e+02
   2.3187017e+02
   2.3239574e+02
   2.3292250e+02
   2.3345045e+02
   2.3397960e+02
   2.3450995e+02
   2.3504150e+02
   2.3557425e+02
   2.3610822e+02
   2.3664339e+02
   2.3717978e+02
   2.3771738e+02
   2.3825620e+02
   2.3879624e+02
   2.3933751e+02
   2.3988000e+02
   2.4042372e+02
   2.4096868e+02
   2.4151487e+02
   2.4206230e+02
   2.4261097e+02
   2.4316088e+02
   2.4371204e+02
   2.4426445e+02
   2.4481811e+02
   2.4537302e+02
   2.4592919e+02
   2.4648663e+02
   2.4704533e+02
   2.4760529e+02
   2.4816652e+02
   2.4872903e+02
   2.4929281e+02
   2.4985787e+02
   2.5042420e+02
   2.5099183e+02
   2.5156074e+02
   2.5213093e+02
   2.5270243e+02
   2.5327521e+02
   2.5384930e+02
   2.5442468e+02
   2.5500137e+02
   2.5557937e+02
   2.5615868e+02
   2.5673930e+02
   2.5732123e+02
   2.5790449e+02
   2.5848907e+02
   2.5907497e+02
   2.5966220e+02
   2.6025076e+02
   2.6084066e+02
   2.6143189e+02
   2.6202446e+02
   2.6261838e+02
   2.6321364e+02
   2.6381025e+02
   2.6440822e+02
   2.6500754e+02
   2.6560821e+02
   2.6621025e+02
   2.6681366e+02
   2.6741843e+02
   2.6802457e+02
   2.6863209e+02
   2.6924098e+02
   2.6985125e+02
   2.7046291e+02
   2.7107595e+02
   2.7169039e+02
   2.7230621e+02
   2.7292343e+02
   2.7354205e+02
   2.7416208e+02
   2.7478350e+02
   2.7540634e+02
   2.7603059e+02
   2.7665625e+02
   2.7728333e+02
   2.7791183e+02
   2.7854176e+02
   2.7917312e+02
   2.7980590e+02
   2.8044012e+02
   2.8107578e+02
   2.8171288e+02
   2.8235142e+02
   2.8299141e+02
   2.8363285e+02
   2.8427575e+02
   2.8492010e+02
   2.8556591e+02
   2.8621319e+02
   2.8686193e+02
   2.8751214e+02
   2.8816383e+02
   2.8881700e+02
   2.8947164e+02
   2.9012777e+02
   2.9078539e+02
   2.9144449e+02
   2.9210510e+02
   2.9276719e+02
   2.9343079e+02
   2.9409590e+02
   2.9476251e+02
   2.9543063e+02
   2.9610026e+02
   2.9677142e+02
   2.9744409e+02
   2.9811829e+02
   2.9879402e+02
   2.9947128e+02
   3.0015007e+02
   3.0083041e+02
   3.0151228e+02
   3.0219570e+02
   3.0288067e+02
   3.0356720e+02
   3.0425528e+02
   3.0494491e+02
   3.0563612e+02
   3.0632888e+02
   3.0702322e+02
   3.0771913e+02
   3.0841662e+02
   3.0911569e+02
   3.0981635e+02
   3.1051859e+02
   3.1122243e+02
   3.1192786e+02
   3.1263489e+02
   3.1334352e+02
   3.1405376e+02
   3.1476561e+02
   3.1547907e+02
   3.1619415e+02
   3.1691085e+02
   3.1762917e+02
   3.1834912e+02
   3.1907071e+02
   3.1979393e+02
   3.2051878e+02
   3.2124529e+02
   3.2197343e+02
   3.2270323e+02
   3.2343469e+02
   3.2416780e+02
   3.2490257e+02
   3.2563901e+02
   3.2637712e+02
   3.2711690e+02
   3.2785835e+02
   3.2860149e+02
   3.2934632e+02
   3.3009283e+02
   3.3084103e+02
   3.3159093e+02
   3.3234253e+02
   3.3309583e+02
   3.3385084e+02
   3.3460756e+02
   3.3536600e+02
   3.3612615e+02
   3.3688803e+02
   3.3765163e+02
   3.3841697e+02
   3.3918404e+02
   3.3995285e+02
   3.4072340e+02
   3.4149570e+02
   3.4226975e+02
   3.4304555e+02
   3.4382312e+02
   3.4460244e+02
   3.4538353e+02
   3.4616639e+02
   3.4695103e+02
   3.4773744e+02
   3.4852564e+02
   3.4931562e+02
   3.5010740e+02
   3.5090097e+02
   3.5169633e+02
   3.5249350e+02
   3.5329248e+02
   3.5409327e+02
   3.5489587e+02
   3.5570029e+02
   3.5650654e+02
   3.5731461e+02
   3.5812452e+02
   3.5893626e+02
   3.5974984e+02
   3.6056526e+02
   3.6138254e+02
   3.6220166e+02
   3.6302265e+02
   3.6384549e+02
   3.6467020e+02
   3.6549677e+02
   3.6632522e+02
   3.6715555e+02
   3.6798776e+02
   3.6882186e+02
   3.6965785e+02
   3.7049573e+02
   3.7133551e+02
   3.7217720e+02
   3.7302079e+02
   3.7386630e+02
   3.7471372e+02
   3.7556306e+02
   3.7641433e+02
   3.7726753e+02
   3.7812266e+02
   3.7897973e+02
   3.7983874e+02
   3.8069970e+02
   3.8156261e+02
   3.8242747e+02
   3.8329430e+02
   3.8416309e+02
   3.8503385e+02
   3.8590659e+02
   3.8678130e+02
   3.8765800e+02
   3.8853668e+02
   3.8941735e+02
   3.9030002e+02
   3.9118470e+02
   3.9207137e+02
   3.9296006e+02
   3.9385076e+02
   3.9474348e+02
   3.9563822e+02
   3.9653499e+02
   3.9743379e+02
   3.9833464e+02
   3.9923752e+02
   4.0014245e+02
   4.0104943e+02
   4.0195846e+02
   4.0286956e+02
   4.0378272e+02
   4.0469795e+02
   4.0561526e+02
   4.0653465e+02
   4.0745611e+02
   4.0837967e+02
   4.0930532e+02
   4.1023307e+02
   4.1116293e+02
   4.1209489e+02
   4.1302896e+02
   4.1396515e+02
   4.1490346e+02
   4.1584390e+02
   4.1678647e+02
   4.1773117e+02
   4.1867802e+02
   4.1962701e+02
   4.2057816e+02
   4.2153146e+02
   4.2248692e+02
   4.2344455e+02
   4.2440435e+02
   4.2536632e+02
   4.2633047e+02
   4.2729681e+02
   4.2826534e+02
   4.2923607e+02
   4.3020899e+02
   4.3118412e+02
   4.3216147e+02
   4.3314102e+02
   4.3412280e+02
   4.3510680e+02
   4.3609303e+02
   4.3708150e+02
   4.3807221e+02
   4.3906516e+02
   4.4006037e+02
   4.4105783e+02
   4.4205755e+02
   4.4305953e+02
   4.4406379e+02
   4.4507033e+02
   4.4607914e+02
   4.4709024e+02
   4.4810364e+02
   4.4911933e+02
   4.5013732e+02
   4.5115762e+02
   4.5218024e+02
   4.5320517e+02
   4.5423242e+02
   4.5526201e+02
   4.5629392e+02
   4.5732818e+02
   4.5836478e+02
   4.5940373e+02
   4.6044503e+02
   4.6148870e+02
   4.6253473e+02
   4.6358313e+02
   4.6463391e+02
   4.6568707e+02
   4.6674261e+02
   4.6780055e+02
   4.6886089e+02
   4.6992363e+02
   4.7098878e+02
   4.7205634e+02
   4.7312633e+02
   4.7419874e+02
   4.7527358e+02
   4.7635085e+02
   4.7743057e+02
   4.7851274e+02
   4.7959735e+02
   4.8068443e+02
   4.8177397e+02
   4.8286598e+02
   4.8396047e+02
   4.8505743e+02
   4.8615688e+02
   4.8725883e+02
   4.8836327e+02
   4.8947022e+02
   4.9057967e+02
   4.9169164e+02
   4.9280613e+02
   4.9392315e+02
   4.9504269e+02
   4.9616478e+02
   4.9728941e+02
   4.9841659e+02
   4.9954632e+02
   5.0067861e+02
   5.0181347e+02
   5.0295090e+02
   5.0409091e+02
   5.0523351e+02
   5.0637869e+02
   5.0752647e+02
   5.0867686e+02
   5.0982984e+02
   5.1098545e+02
   5.1214367e+02
   5.1330452e+02
   5.1446799e+02
   5.1563411e+02
   5.1680287e+02
   5.1797428e+02
   5.1914834e+02
   5.2032506e+02
   5.2150446e+02
   5.2268652e+02
   5.2387127e+02
   5.2505869e+02
   5.2624882e+02
   5.2744163e+02
   5.2863716e+02
   5.2983539e+02
   5.3103634e+02
   5.3224001e+02
   5.3344641e+02
   5.3465554e+02
   5.3586741e+02
   5.3708203e+02
   5.3829941e+02
   5.3951954e+02
   5.4074244e+02
   5.4196811e+02
   5.4319656e+02
   5.4442779e+02
   5.4566181e+02
   5.4689863e+02
   5.4813826e+02
   5.4938069e+02
   5.5062594e+02
   5.5187402e+02
   5.5312492e+02
   5.5437866e+02
   5.5563523e+02
   5.5689466e+02
   5.5815694e+02
   5.5942209e+02
   5.6069010e+02
   5.6196098e+02
   5.6323475e+02
   5.6451140e+02
   5.6579095e+02
   5.6707339e+02
   5.6835874e+02
   5.6964701e+02
   5.7093820e+02
   5.7223231e+02
   5.7352936e+02
   5.7482935e+02
   5.7613228e+02
   5.7743817e+02
   5.7874701e+02
   5.8005883e+02
   5.8137361e+02
   5.8269138e+02
   5.8401213e+02
   5.8533588e+02
   5.8666263e+02
   5.8799238e+02
   5.8932515e+02
   5.9066094e+02
   5.9199976e+02
   5.9334161e+02
   5.9468651e+02
   5.9603445e+02
   5.9738545e+02
   5.9873951e+02
   6.0009664e+02
   6.0145684e+02
   6.0282013e+02
   6.0418651e+02
   6.0555598e+02
   6.0692856e+02
   6.0830425e+02
   6.0968306e+02
   6.1106500e+02
   6.1245006e+02
   6.1383827e+02
   6.1522962e+02
   6.1662413e+02
   6.1802180e+02
   6.1942263e+02
   6.2082664e+02
   6.2223384e+02
   6.2364422e+02
   6.2505780e+02
   6.2647458e+02
   6.2789458e+02
   6.2931779e+02
   6.3074423e+02
   6.3217390e+02
   6.3360681e+02
   6.3504297e+02
   6.3648239e+02
   6.3792507e+02
   6.3937102e+02
   6.4082024e+02
   6.4227276e+02
   6.4372856e+02
   6.4518766e+02
   6.4665007e+02
   6.4811580e+02
   6.4958485e+02
   6.5105722e+02
   6.5253294e+02
   6.5401200e+02
   6.5549441e+02
   6.5698018e+02
   6.5846932e+02
   6.5996184e+02
   6.6145774e+02
   6.6295703e+02
   6.6445971e+02
   6.6596581e+02
   6.6747531e+02
   6.6898824e+02
   6.7050460e+02
   6.7202439e+02
   6.7354763e+02
   6.7507433e+02
   6.7660448e+02
   6.7813810e+02
   6.7967520e+02
   6.8121578e+02
   6.8275985e+02
   6.8430743e+02
   6.8585851e+02
   6.8741311e+02
   6.8897123e+02
   6.9053288e+02
   6.9209807e+02
   6.9366681e+02
   6.9523911e+02
   6.9681497e+02
   6.9839440e+02
   6.9997741e+02
   7.0156401e+02
   7.0315420e+02
   7.0474800e+02
   7.0634542e+02
   7.0794645e+02
   7.0955111e+02
   7.1115941e+02
   7.1277136e+02
   7.1438695e+02
   7.1600622e+02
   7.1762915e+02
   7.1925576e+02
   7.2088605e+02
   7.2252004e+02
   7.2415774e+02
   7.2579915e+02
   7.2744428e+02
   7.2909313e+02
   7.3074573e+02
   7.3240207e+02
   7.3406216e+02
   7.3572602e+02
   7.3739365e+02
   7.3906506e+02
   7.4074025e+02
   7.4241925e+02
   7.4410205e+02
   7.4578866e+02
   7.4747910e+02
   7.4917337e+02
   7.5087148e+02
   7.5257344e+02
   7.5427925e+02
   7.5598893e+02
   7.5770249e+02
   7.5941993e+02
   7.6114127e+02
   7.6286650e+02
   7.6459565e+02
   7.6632872e+02
   7.6806571e+02
   7.6980664e+02
   7.7155152e+02
   7.7330035e+02
   7.7505315e+02
   7.7680992e+02
   7.7857067e+02
   7.8033541e+02
   7.8210415e+02
   7.8387690e+02
   7.8565367e+02
   7.8743447e+02
   7.8921930e+02
   7.9100818e+02
   7.9280112e+02
   7.9459812e+02
   7.9639919e+02
   7.9820434e+02
   8.0001358e+02
   8.0182693e+02
   8.0364439e+02
   8.0546596e+02
   8.0729167e+02
   8.0912151e+02
   8.1095550e+02
   8.1279365e+02
   8.1463596e+02
   8.1648245e+02
   8.1833312e+02
   8.2018799e+02
   8.2204707e+02
   8.2391036e+02
   8.2577787e+02
   8.2764961e+02
   8.2952560e+02
   8.3140584e+02
   8.3329034e+02
   8.3517911e+02
   8.3707216e+02
   8.3896951e+02
   8.4087115e+02
   8.4277711e+02
   8.4468738e+02
   8.4660199e+02
   8.4852093e+02
   8.5044423e+02
   8.5237188e+02
   8.5430391e+02
   8.5624031e+02
   8.5818110e+02
   8.6012629e+02
   8.6207589e+02
   8.6402991e+02
   8.6598836e+02
   8.6795124e+02
   8.6991858e+02
   8.7189038e+02
   8.7386664e+02
   8.7584739e+02
   8.7783262e+02
   8.7982235e+02
   8.8181660e+02
   8.8381536e+02
   8.8581866e+02
   8.8782649e+02
   8.8983888e+02
   8.9185583e+02
   8.9387734e+02
   8.9590345e+02
   8.9793414e+02
   8.9996944e+02
   9.0200935e+02
   9.0405388e+02
   9.0610305e+02
   9.0815686e+02
   9.1021533e+02
   9.1227846e+02
   9.1434627e+02
   9.1641877e+02
   9.1849597e+02
   9.2057787e+02
   9.2266449e+02
   9.2475584e+02
   9.2685193e+02
   9.2895278e+02
   9.3105838e+02
   9.3316876e+02
   9.3528392e+02
   9.3740388e+02
   9.3952864e+02
   9.4165821e+02
   9.4379262e+02
   9.4593186e+02
   9.4807595e+02
   9.5022490e+02
   9.5237872e+02
   9.5453743e+02
   9.5670102e+02
   9.5886952e+02
   9.6104294e+02
   9.6322128e+02
   9.6540456e+02
   9.6759279e+02
   9.6978598e+02
   9.7198413e+02
   9.7418728e+02
   9.7639541e+02
   9.7860855e+02
   9.8082671e+02
   9.8304989e+02
   9.8527812e+02
   9.8751139e+02
   9.8974973e+02
   9.9199314e+02
   9.9424163e+02
   9.9649523e+02
   9.9875393e+02
   1.0010177e+03
   1.0032867e+03
   1.0055608e+03
   1.0078400e+03
   1.0101245e+03
   1.0124140e+03
   1.0147088e+03
   1.0170088e+03
   1.0193140e+03
   1.0216244e+03
   1.0239401e+03
   1.0262610e+03
   1.0285872e+03
   1.0309186e+03
   1.0332553e+03
   1.0355973e+03
   1.0379447e+03
   1.0402973e+03
   1.0426553e+03
   1.0450186e+03
   1.0473873e+03
   1.0497614e+03
   1.0521408e+03
   1.0545256e+03
   1.0569159e+03
   1.0593115e+03
   1.0617126e+03
   1.0641191e+03
   1.0665311e+03
   1.0689486e+03
   1.0713715e+03
   1.0737999e+03
   1.0762338e+03
   1.0786733e+03
   1.0811182e+03
   1.0835687e+03
   1.0860248e+03
   1.0884864e+03
   1.0909536e+03
   1.0934265e+03
   1.0959049e+03
   1.0983889e+03
   1.1008785e+03
   1.1033738e+03
   1.1058748e+03
   1.1083814e+03
   1.1108937e+03
   1.1134117e+03
   1.1159354e+03
   1.1184649e+03
   1.1210000e+03
   1.1235409e+03
   1.1260876e+03
   1.1286400e+03
   1.1311983e+03
   1.1337623e+03
   1.1363321e+03
   1.1389078e+03
   1.1414893e+03
   1.1440766e+03
   1.1466698e+03
   1.1492689e+03
   1.1518739e+03
   1.1544848e+03
   1.1571016e+03
   1.1597243e+03
   1.1623530e+03
   1.1649877e+03
   1.1676283e+03
   1.1702749e+03
   1.1729275e+03
   1.1755861e+03
   1.1782507e+03
   1.1809214e+03
   1.1835981e+03
   1.1862809e+03
   1.1889698e+03
   1.1916648e+03
   1.1943658e+03
   1.1970730e+03
   1.1997864e+03
   1.2025059e+03
   1.2052315e+03
   1.2079634e+03
   1.2107014e+03
   1.2134456e+03
   1.2161961e+03
   1.2189527e+03
   1.2217157e+03
   1.2244849e+03
   1.2272603e+03
   1.2300421e+03
   1.2328302e+03
   1.2356246e+03
   1.2384253e+03
   1.2412323e+03
   1.2440458e+03
   1.2468656e+03
   1.2496918e+03
   1.2525244e+03
   1.2553634e+03
   1.2582089e+03
   1.2610608e+03
   1.2639192e+03
   1.2667840e+03
   1.2696554e+03
   1.2725332e+03
   1.2754176e+03
   1.2783085e+03
   1.2812060e+03
   1.2841100e+03
   1.2870206e+03
   1.2899379e+03
   1.2928617e+03
   1.2957922e+03
   1.2987292e+03
   1.3016730e+03
   1.3046234e+03
   1.3075806e+03
   1.3105444e+03
   1.3135149e+03
   1.3164922e+03
   1.3194762e+03
   1.3224670e+03
   1.3254645e+03
   1.3284689e+03
   1.3314801e+03
   1.3344981e+03
   1.3375229e+03
   1.3405546e+03
   1.3435931e+03
   1.3466386e+03
   1.3496909e+03
   1.3527502e+03
   1.3558164e+03
   1.3588896e+03
   1.3619697e+03
   1.3650568e+03
   1.3681509e+03
   1.3712520e+03
   1.3743601e+03
   1.3774753e+03
   1.3805976e+03
   1.3837269e+03
   1.3868633e+03
   1.3900068e+03
   1.3931575e+03
   1.3963153e+03
   1.3994802e+03
   1.4026523e+03
   1.4058316e+03
   1.4090182e+03
   1.4122119e+03
   1.4154129e+03
   1.4186211e+03
   1.4218366e+03
   1.4250594e+03
   1.4282895e+03
   1.4315270e+03
   1.4347717e+03
   1.4380238e+03
   1.4412833e+03
   1.4445502e+03
   1.4478245e+03
   1.4511062e+03
   1.4543953e+03
   1.4576919e+03
   1.4609960e+03
   1.4643075e+03
   1.4676266e+03
   1.4709532e+03
   1.4742873e+03
   1.4776290e+03
   1.4809783e+03
   1.4843351e+03
   1.4876996e+03
   1.4910717e+03
   1.4944514e+03
   1.4978388e+03
   1.5012338e+03
   1.5046366e+03
   1.5080471e+03
   1.5114653e+03
   1.5148912e+03
   1.5183250e+03
   1.5217665e+03
   1.5252158e+03
   1.5286729e+03
   1.5321378e+03
   1.5356106e+03
   1.5390913e+03
   1.5425799e+03
   1.5460764e+03
   1.5495808e+03
   1.5530931e+03
   1.5566134e+03
   1.5601417e+03
   1.5636780e+03
   1.5672223e+03
   1.5707746e+03
   1.5743350e+03
   1.5779035e+03
   1.5814800e+03
   1.5850647e+03
   1.5886575e+03
   1.5922584e+03
   1.5958675e+03
   1.5994847e+03
   1.6031102e+03
   1.6067439e+03
   1.6103858e+03
   1.6140360e+03
   1.6176944e+03
   1.6213611e+03
   1.6250362e+03
   1.6287196e+03
   1.6324113e+03
   1.6361114e+03
   1.6398199e+03
   1.6435368e+03
   1.6472621e+03
   1.6509958e+03
   1.6547380e+03
   1.6584887e+03
   1.6622479e+03
   1.6660157e+03
   1.6697919e+03
   1.6735768e+03
   1.6773702e+03
   1.6811722e+03
   1.6849828e+03
   1.6888020e+03
   1.6926299e+03
   1.6964665e+03
   1.7003118e+03
   1.7041658e+03
   1.7080286e+03
   1.7119001e+03
   1.7157803e+03
   1.7196694e+03
   1.7235673e+03
   1.7274740e+03
   1.7313895e+03
   1.7353140e+03
   1.7392473e+03
   1.7431896e+03
   1.7471408e+03
   1.7511009e+03
   1.7550700e+03
   1.7590482e+03
   1.7630353e+03
   1.7670315e+03
   1.7710367e+03
   1.7750510e+03
   1.7790744e+03
   1.7831069e+03
   1.7871486e+03
   1.7911994e+03
   1.7952594e+03
   1.7993287e+03
   1.8034071e+03
   1.8074948e+03
   1.8115917e+03
   1.8156980e+03
   1.8198135e+03
   1.8239384e+03
   1.8280726e+03
   1.8322162e+03
   1.8363692e+03
   1.8405316e+03
   1.8447034e+03
   1.8488847e+03
   1.8530754e+03
   1.8572757e+03
   1.8614855e+03
   1.8657048e+03
   1.8699337e+03
   1.8741722e+03
   1.8784202e+03
   1.8826780e+03
   1.8869453e+03
   1.8912223e+03
   1.8955091e+03
   1.8998055e+03
   1.9041117e+03
   1.9084276e+03
   1.9127534e+03
   1.9170889e+03
   1.9214343e+03
   1.9257895e+03
   1.9301545e+03
   1.9345295e+03
   1.9389144e+03
   1.9433092e+03
   1.9477140e+03
   1.9521288e+03
   1.9565536e+03
   1.9609884e+03
   1.9654332e+03
   1.9698882e+03
   1.9743532e+03
   1.9788284e+03
   1.9833137e+03
   1.9878091e+03
   1.9923148e+03
   1.9968307e+03
   2.0013568e+03
   2.0058931e+03
   2.0104398e+03
   2.0149967e+03
   2.0195640e+03
   2.0241416e+03
   2.0287296e+03
   2.0333280e+03
   2.0379369e+03
   2.0425562e+03
   2.0471859e+03
   2.0518261e+03
   2.0564769e+03
   2.0611382e+03
   2.0658101e+03
   2.0704925e+03
   2.0751856e+03
   2.0798893e+03
   2.0846037e+03
   2.0893287e+03
   2.0940645e+03
   2.0988110e+03
   2.1035682e+03
   2.1083363e+03
   2.1131151e+03
   2.1179048e+03
   2.1227053e+03
   2.1275168e+03
   2.1323391e+03
   2.1371723e+03
   2.1420165e+03
   2.1468717e+03
   2.1517379e+03
   2.1566151e+03
   2.1615034e+03
   2.1664028e+03
   2.1713132e+03
   2.1762348e+03
   2.1811676e+03
   2.1861115e+03
   2.1910667e+03
   2.1960330e+03
   2.2010106e+03
   2.2059996e+03
   2.2109998e+03
   2.2160113e+03
   2.2210342e+03
   2.2260685e+03
   2.2311142e+03
   2.2361714e+03
   2.2412400e+03
   2.2463201e+03
   2.2514117e+03
   2.2565148e+03
   2.2616295e+03
   2.2667558e+03
   2.2718938e+03
   2.2770433e+03
   2.2822046e+03
   2.2873775e+03
   2.2925622e+03
   2.2977586e+03
   2.3029668e+03
   2.3081868e+03
   2.3134187e+03
   2.3186624e+03
   2.3239179e+03
   2.3291854e+03
   2.3344649e+03
   2.3397563e+03
   2.3450597e+03
   2.3503751e+03
   2.3557025e+03
   2.3610421e+03
   2.3663937e+03
   2.3717575e+03
   2.3771334e+03
   2.3825215e+03
   2.3879219e+03
   2.3933344e+03
   2.3987593e+03
   2.4041964e+03
   2.4096459e+03
   2.4151077e+03
   2.4205819e+03
   2.4260685e+03
   2.4315675e+03
   2.4370790e+03
   2.4426030e+03
   2.4481395e+03
   2.4536885e+03
   2.4592502e+03
   2.4648244e+03
   2.4704113e+03
   2.4760108e+03
   2.4816231e+03
   2.4872480e+03
   2.4928857e+03
   2.4985362e+03
   2.5041995e+03
   2.5098756e+03
   2.5155646e+03
   2.5212665e+03
   2.5269813e+03
   2.5327091e+03
   2.5384499e+03
   2.5442036e+03
   2.5499704e+03
   2.5557503e+03
   2.5615433e+03
   2.5673494e+03
   2.5731686e+03
   2.5790011e+03
   2.5848468e+03
   2.5907057e+03
   2.5965779e+03
   2.6024634e+03
   2.6083623e+03
   2.6142745e+03
   2.6202001e+03
   2.6261392e+03
   2.6320917e+03
   2.6380577e+03
   2.6440373e+03
   2.6500304e+03
   2.6560370e+03
   2.6620573e+03
   2.6680913e+03
   2.6741389e+03
   2.6802002e+03
   2.6862753e+03
   2.6923641e+03
   2.6984667e+03
   2.7045832e+03
   2.7107135e+03
   2.7168577e+03
   2.7230159e+03
   2.7291880e+03
   2.7353741e+03
   2.7415742e+03
   2.7477884e+03
   2.7540166e+03
   2.7602590e+03
   2.7665155e+03
   2.7727862e+03
   2.7790712e+03
   2.7853703e+03
   2.7916838e+03
   2.7980115e+03
   2.8043536e+03
   2.8107101e+03
   2.8170810e+03
   2.8234663e+03
   2.8298661e+03
   2.8362804e+03
   2.8427092e+03
   2.8491526e+03
   2.8556106e+03
   2.8620833e+03
   2.8685706e+03
   2.8750726e+03
   2.8815894e+03
   2.8881209e+03
   2.8946673e+03
   2.9012285e+03
   2.9078045e+03
   2.9143955e+03
   2.9210014e+03
   2.9276222e+03
   2.9342581e+03
   2.9409090e+03
   2.9475750e+03
   2.9542561e+03
   2.9609524e+03
   2.9676638e+03
   2.9743904e+03
   2.9811323e+03
   2.9878895e+03
   2.9946620e+03
   3.0014498e+03
   3.0082530e+03
   3.0150716e+03
   3.0219057e+03
   3.0287553e+03
   3.0356204e+03
   3.0425011e+03
   3.0493974e+03
   3.0563093e+03
   3.0632368e+03
   3.0701801e+03
   3.0771391e+03
   3.0841139e+03
   3.0911045e+03
   3.0981109e+03
   3.1051332e+03
   3.1121714e+03
   3.1192256e+03
   3.1262958e+03
   3.1333820e+03
   3.1404843e+03
   3.1476026e+03
   3.1547371e+03
   3.1618878e+03
   3.1690546e+03
   3.1762378e+03
   3.1834372e+03
   3.1906529e+03
   3.1978850e+03
   3.2051334e+03
   3.2123983e+03
   3.2196797e+03
   3.2269775e+03
   3.2342919e+03
   3.2416229e+03
   3.2489705e+03
   3.2563348e+03
   3.2637158e+03
   3.2711134e+03
   3.2785279e+03
   3.2859591e+03
   3.2934072e+03
   3.3008722e+03
   3.3083541e+03
   3.3158530e+03
   3.3233688e+03
   3.3309017e+03
   3.3384517e+03
   3.3460188e+03
   3.3536030e+03
   3.3612044e+03
   3.3688231e+03
   3.3764590e+03
   3.3841122e+03
   3.3917828e+03
   3.3994708e+03
   3.4071762e+03
   3.4148990e+03
   3.4226394e+03
   3.4303973e+03
   3.4381728e+03
   3.4459659e+03
   3.4537767e+03
   3.4616051e+03
   3.4694514e+03
   3.4773154e+03
   3.4851972e+03
   3.4930969e+03
   3.5010145e+03
   3.5089501e+03
   3.5169036e+03
   3.5248752e+03
   3.5328648e+03
   3.5408726e+03
   3.5488985e+03
   3.5569425e+03
   3.5650049e+03
   3.5730855e+03
   3.5811844e+03
   3.5893016e+03
   3.5974373e+03
   3.6055914e+03
   3.6137640e+03
   3.6219551e+03
   3.6301648e+03
   3.6383931e+03
   3.6466400e+03
   3.6549057e+03
   3.6631900e+03
   3.6714932e+03
   3.6798152e+03
   3.6881560e+03
   3.6965157e+03
   3.7048944e+03
   3.7132921e+03
   3.7217088e+03
   3.7301446e+03
   3.7385995e+03
   3.7470736e+03
   3.7555668e+03
   3.7640794e+03
   3.7726112e+03
   3.7811624e+03
   3.7897329e+03
   3.7983229e+03
   3.8069323e+03
   3.8155613e+03
   3.8242098e+03
   3.8328779e+03
   3.8415657e+03
   3.8502732e+03
   3.8590004e+03
   3.8677473e+03
   3.8765141e+03
   3.8853008e+03
   3.8941074e+03
   3.9029340e+03
   3.9117805e+03
   3.9206471e+03
   3.9295339e+03
   3.9384407e+03
   3.9473677e+03
   3.9563150e+03
   3.9652826e+03
   3.9742705e+03
   3.9832787e+03
   3.9923074e+03
   4.0013565e+03
   4.0104262e+03
   4.0195164e+03
   4.0286272e+03
   4.0377587e+03
   4.0469108e+03
   4.0560837e+03
   4.0652774e+03
   4.0744920e+03
   4.0837274e+03
   4.0929837e+03
   4.1022611e+03
   4.1115594e+03
   4.1208789e+03
   4.1302194e+03
   4.1395812e+03
   4.1489641e+03
   4.1583684e+03
   4.1677939e+03
   4.1772408e+03
   4.1867091e+03
   4.1961989e+03
   4.2057102e+03
   4.2152430e+03
   4.2247975e+03
   4.2343736e+03
   4.2439714e+03
   4.2535910e+03
   4.2632324e+03
   4.2728956e+03
   4.2825807e+03
   4.2922878e+03
   4.3020169e+03
   4.3117680e+03
   4.3215413e+03
   4.3313367e+03
   4.3411543e+03
   4.3509941e+03
   4.3608563e+03
   4.3707408e+03
   4.3806477e+03
   4.3905771e+03
   4.4005289e+03
   4.4105034e+03
   4.4205004e+03
   4.4305201e+03
   4.4405625e+03
   4.4506277e+03
   4.4607157e+03
   4.4708265e+03
   4.4809603e+03
   4.4911170e+03
   4.5012968e+03
   4.5114996e+03
   4.5217256e+03
   4.5319747e+03
   4.5422471e+03
   4.5525428e+03
   4.5628618e+03
   4.5732041e+03
   4.5835700e+03
   4.5939593e+03
   4.6043722e+03
   4.6148086e+03
   4.6252688e+03
   4.6357526e+03
   4.6462602e+03
   4.6567916e+03
   4.6673469e+03
   4.6779261e+03
   4.6885293e+03
   4.6991565e+03
   4.7098078e+03
   4.7204833e+03
   4.7311829e+03
   4.7419069e+03
   4.7526551e+03
   4.7634276e+03
   4.7742246e+03
   4.7850461e+03
   4.7958921e+03
   4.8067627e+03
   4.8176579e+03
   4.8285778e+03
   4.8395225e+03
   4.8504919e+03
   4.8614863e+03
   4.8725055e+03
   4.8835498e+03
   4.8946190e+03
   4.9057134e+03
   4.9168329e+03
   4.9279776e+03
   4.9391476e+03
   4.9503429e+03
   4.9615635e+03
   4.9728096e+03
   4.9840812e+03
   4.9953784e+03
   5.0067011e+03
   5.0180495e+03
   5.0294236e+03
   5.0408236e+03
   5.0522493e+03
   5.0637010e+03
   5.0751786e+03
   5.0866822e+03
   5.0982119e+03
   5.1097677e+03
   5.1213497e+03
   5.1329580e+03
   5.1445926e+03
   5.1562535e+03
   5.1679409e+03
   5.1796548e+03
   5.1913953e+03
   5.2031623e+03
   5.2149560e+03
   5.2267765e+03
   5.2386237e+03
   5.2504978e+03
   5.2623988e+03
   5.2743268e+03
   5.2862818e+03
   5.2982639e+03
   5.3102732e+03
   5.3223097e+03
   5.3343735e+03
   5.3464646e+03
   5.3585831e+03
   5.3707291e+03
   5.3829027e+03
   5.3951038e+03
   5.4073326e+03
   5.4195891e+03
   5.4318733e+03
   5.4441855e+03
   5.4565255e+03
   5.4688935e+03
   5.4812895e+03
   5.4937136e+03
   5.5061659e+03
   5.5186465e+03
   5.5311553e+03
   5.5436924e+03
   5.5562580e+03
   5.5688521e+03
   5.5814747e+03
   5.5941259e+03
   5.6068058e+03
   5.6195144e+03
   5.6322518e+03
   5.6450181e+03
   5.6578134e+03
   5.6706376e+03
   5.6834909e+03
   5.6963734e+03
   5.7092850e+03
   5.7222260e+03
   5.7351962e+03
   5.7481959e+03
   5.7612250e+03
   5.7742836e+03
   5.7873719e+03
   5.8004898e+03
   5.8136374e+03
   5.8268149e+03
   5.8400222e+03
   5.8532594e+03
   5.8665267e+03
   5.8798240e+03
   5.8931515e+03
   5.9065091e+03
   5.9198971e+03
   5.9333154e+03
   5.9467641e+03
   5.9602433e+03
   5.9737530e+03
   5.9872934e+03
   6.0008645e+03
   6.0144663e+03
   6.0280989e+03
   6.0417625e+03
   6.0554570e+03
   6.0691826e+03
   6.0829393e+03
   6.0967271e+03
   6.1105462e+03
   6.1243967e+03
   6.1382785e+03
   6.1521918e+03
   6.1661366e+03
   6.1801130e+03
   6.1941211e+03
   6.2081610e+03
   6.2222327e+03
   6.2363363e+03
   6.2504718e+03
   6.2646394e+03
   6.2788391e+03
   6.2930710e+03
   6.3073352e+03
   6.3216317e+03
   6.3359605e+03
   6.3503219e+03
   6.3647158e+03
   6.3791424e+03
   6.3936016e+03
   6.4080936e+03
   6.4226185e+03
   6.4371763e+03
   6.4517671e+03
   6.4663909e+03
   6.4810479e+03
   6.4957382e+03
   6.5104617e+03
   6.5252186e+03
   6.5400089e+03
   6.5548328e+03
   6.5696903e+03
   6.5845814e+03
   6.5995063e+03
   6.6144650e+03
   6.6294577e+03
   6.6444843e+03
   6.6595450e+03
   6.6746398e+03
   6.6897688e+03
   6.7049321e+03
   6.7201298e+03
   6.7353620e+03
   6.7506286e+03
   6.7659299e+03
   6.7812659e+03
   6.7966366e+03
   6.8120421e+03
   6.8274826e+03
   6.8429581e+03
   6.8584686e+03
   6.8740143e+03
   6.8895953e+03
   6.9052115e+03
   6.9208632e+03
   6.9365503e+03
   6.9522730e+03
   6.9680313e+03
   6.9838254e+03
   6.9996552e+03
   7.0155209e+03
   7.0314226e+03
   7.0473604e+03
   7.0633342e+03
   7.0793443e+03
   7.0953906e+03
   7.1114734e+03
   7.1275925e+03
   7.1437482e+03
   7.1599406e+03
   7.1761696e+03
   7.1924354e+03
   7.2087381e+03
   7.2250778e+03
   7.2414544e+03
   7.2578682e+03
   7.2743192e+03
   7.2908075e+03
   7.3073332e+03
   7.3238963e+03
   7.3404970e+03
   7.3571353e+03
   7.3738113e+03
   7.3905251e+03
   7.4072768e+03
   7.4240664e+03
   7.4408941e+03
   7.4577600e+03
   7.4746641e+03
   7.4916065e+03
   7.5085873e+03
   7.5256066e+03
   7.5426644e+03
   7.5597610e+03
   7.5768963e+03
   7.5940704e+03
   7.6112834e+03
   7.6285355e+03
   7.6458267e+03
   7.6631570e+03
   7.6805267e+03
   7.6979357e+03
   7.7153842e+03
   7.7328722e+03
   7.7503999e+03
   7.7679673e+03
   7.7855745e+03
   7.8032216e+03
   7.8209087e+03
   7.8386359e+03
   7.8564033e+03
   7.8742110e+03
   7.8920590e+03
   7.9099475e+03
   7.9278766e+03
   7.9458462e+03
   7.9638566e+03
   7.9819079e+03
   8.0000000e+03
