# Data used to create Figure 1
#
# First column: frequency (Hz)
# Second column (dashed line): overlap reduction function between LIGO Hanford and LIGO Livingston sites
# Third column (solid line): overlap reduction function between LIGO Hanford and Virgo sites
# Fourth column (dashed-dotted line): overlap reduction function between LIGO Livingston and Virgo sites
#

1.0	-0.890261	-0.016973	-0.245024
2.0	-0.889041	-0.020893	-0.238692
3.0	-0.887011	-0.027309	-0.228283
4.0	-0.884173	-0.036047	-0.214014
5.0	-0.880533	-0.046872	-0.196178
6.0	-0.876099	-0.059490	-0.175142
7.0	-0.870878	-0.073559	-0.151339
8.0	-0.864881	-0.088695	-0.125255
9.0	-0.858117	-0.104484	-0.097422
10.0	-0.850601	-0.120488	-0.068403
11.0	-0.842346	-0.136265	-0.038785
12.0	-0.833366	-0.151368	-0.009158
13.0	-0.823680	-0.165368	0.019890
14.0	-0.813305	-0.177858	0.047789
15.0	-0.802260	-0.188463	0.074000
16.0	-0.790565	-0.196855	0.098027
17.0	-0.778241	-0.202755	0.119421
18.0	-0.765313	-0.205944	0.137800
19.0	-0.751802	-0.206267	0.152847
20.0	-0.737733	-0.203638	0.164322
21.0	-0.723133	-0.198040	0.172063
22.0	-0.708027	-0.189528	0.175991
23.0	-0.692442	-0.178226	0.176110
24.0	-0.676406	-0.164326	0.172506
25.0	-0.659949	-0.148080	0.165342
26.0	-0.643099	-0.129797	0.154859
27.0	-0.625885	-0.109833	0.141360
28.0	-0.608339	-0.088585	0.125214
29.0	-0.590490	-0.066477	0.106836
30.0	-0.572369	-0.043956	0.086685
31.0	-0.554008	-0.021474	0.065249
32.0	-0.535438	0.000518	0.043033
33.0	-0.516691	0.021581	0.020552
34.0	-0.497797	0.041303	-0.001687
35.0	-0.478789	0.059302	-0.023192
36.0	-0.459698	0.075239	-0.043499
37.0	-0.440556	0.088828	-0.062179
38.0	-0.421393	0.099837	-0.078853
39.0	-0.402239	0.108096	-0.093194
40.0	-0.383127	0.113501	-0.104936
41.0	-0.364085	0.116013	-0.113879
42.0	-0.345143	0.115662	-0.119893
43.0	-0.326330	0.112544	-0.122917
44.0	-0.307674	0.106815	-0.122964
45.0	-0.289203	0.098692	-0.120113
46.0	-0.270944	0.088440	-0.114509
47.0	-0.252924	0.076372	-0.106362
48.0	-0.235167	0.062836	-0.095933
49.0	-0.217698	0.048207	-0.083533
50.0	-0.200540	0.032877	-0.069511
51.0	-0.183717	0.017247	-0.054247
52.0	-0.167250	0.001716	-0.038143
53.0	-0.151159	-0.013331	-0.021609
54.0	-0.135463	-0.027528	-0.005058
55.0	-0.120182	-0.040540	0.011108
56.0	-0.105333	-0.052072	0.026505
57.0	-0.090930	-0.061871	0.040777
58.0	-0.076990	-0.069734	0.053604
59.0	-0.063526	-0.075513	0.064709
60.0	-0.050551	-0.079117	0.073863
61.0	-0.038074	-0.080512	0.080890
62.0	-0.026108	-0.079723	0.085671
63.0	-0.014659	-0.076830	0.088147
64.0	-0.003737	-0.071965	0.088313
65.0	0.006655	-0.065310	0.086226
66.0	0.016509	-0.057088	0.081995
67.0	0.025823	-0.047557	0.075781
68.0	0.034595	-0.037006	0.067790
69.0	0.042822	-0.025741	0.058268
70.0	0.050506	-0.014083	0.047495
71.0	0.057648	-0.002352	0.035775
72.0	0.064249	0.009132	0.023430
73.0	0.070313	0.020069	0.010789
74.0	0.075846	0.030174	-0.001816
75.0	0.080853	0.039196	-0.014065
76.0	0.085340	0.046916	-0.025650
77.0	0.089316	0.053154	-0.036290
78.0	0.092789	0.057776	-0.045731
79.0	0.095770	0.060693	-0.053758
80.0	0.098269	0.061865	-0.060194
81.0	0.100298	0.061299	-0.064908
82.0	0.101869	0.059049	-0.067817
83.0	0.102996	0.055215	-0.068883
84.0	0.103692	0.049937	-0.068119
85.0	0.103972	0.043392	-0.065584
86.0	0.103852	0.035786	-0.061381
87.0	0.103347	0.027353	-0.055655
88.0	0.102474	0.018344	-0.048587
89.0	0.101250	0.009018	-0.040388
90.0	0.099692	-0.000359	-0.031297
91.0	0.097818	-0.009526	-0.021569
92.0	0.095647	-0.018233	-0.011472
93.0	0.093195	-0.026248	-0.001278
94.0	0.090483	-0.033361	0.008743
95.0	0.087528	-0.039393	0.018332
96.0	0.084350	-0.044196	0.027244
97.0	0.080967	-0.047662	0.035259
98.0	0.077399	-0.049718	0.042182
99.0	0.073664	-0.050334	0.047851
100.0	0.069782	-0.049521	0.052140
101.0	0.065770	-0.047327	0.054962
102.0	0.061648	-0.043841	0.056269
103.0	0.057433	-0.039184	0.056053
104.0	0.053144	-0.033508	0.054349
105.0	0.048799	-0.026990	0.051227
106.0	0.044414	-0.019829	0.046797
107.0	0.040006	-0.012239	0.041198
108.0	0.035593	-0.004439	0.034599
109.0	0.031189	0.003346	0.027193
110.0	0.026811	0.010898	0.019191
111.0	0.022473	0.018007	0.010815
112.0	0.018190	0.024481	0.002294
113.0	0.013975	0.030148	-0.006142
114.0	0.009842	0.034861	-0.014271
115.0	0.005803	0.038504	-0.021881
116.0	0.001869	0.040990	-0.028778
117.0	-0.001947	0.042268	-0.034789
118.0	-0.005637	0.042323	-0.039768
119.0	-0.009189	0.041172	-0.043600
120.0	-0.012596	0.038868	-0.046200
121.0	-0.015848	0.035493	-0.047519
122.0	-0.018940	0.031162	-0.047540
123.0	-0.021863	0.026011	-0.046285
124.0	-0.024612	0.020200	-0.043805
125.0	-0.027182	0.013904	-0.040187
126.0	-0.029569	0.007310	-0.035544
127.0	-0.031768	0.000609	-0.030016
128.0	-0.033778	-0.006007	-0.023765
129.0	-0.035595	-0.012349	-0.016969
130.0	-0.037219	-0.018242	-0.009818
131.0	-0.038649	-0.023525	-0.002509
132.0	-0.039884	-0.028057	0.004759
133.0	-0.040926	-0.031718	0.011793
134.0	-0.041776	-0.034417	0.018406
135.0	-0.042436	-0.036092	0.024427
136.0	-0.042908	-0.036709	0.029703
137.0	-0.043196	-0.036265	0.034103
138.0	-0.043303	-0.034788	0.037520
139.0	-0.043235	-0.032336	0.039876
140.0	-0.042995	-0.028990	0.041123
141.0	-0.042589	-0.024860	0.041243
142.0	-0.042023	-0.020075	0.040247
143.0	-0.041303	-0.014779	0.038178
144.0	-0.040436	-0.009132	0.035105
145.0	-0.039429	-0.003300	0.031125
146.0	-0.038290	0.002548	0.026357
147.0	-0.037025	0.008245	0.020940
148.0	-0.035643	0.013628	0.015029
149.0	-0.034153	0.018548	0.008789
150.0	-0.032561	0.022870	0.002393
151.0	-0.030878	0.026478	-0.003984
152.0	-0.029112	0.029278	-0.010172
153.0	-0.027271	0.031199	-0.016004
154.0	-0.025365	0.032199	-0.021329
155.0	-0.023402	0.032258	-0.026009
156.0	-0.021392	0.031389	-0.029925
157.0	-0.019342	0.029627	-0.032982
158.0	-0.017263	0.027035	-0.035107
159.0	-0.015162	0.023696	-0.036255
160.0	-0.013049	0.019716	-0.036406
161.0	-0.010931	0.015216	-0.035568
162.0	-0.008818	0.010334	-0.033776
163.0	-0.006717	0.005213	-0.031090
164.0	-0.004637	0.000004	-0.027593
165.0	-0.002584	-0.005143	-0.023389
166.0	-0.000567	-0.010080	-0.018600
167.0	0.001409	-0.014668	-0.013364
168.0	0.003335	-0.018779	-0.007826
169.0	0.005205	-0.022299	-0.002140
170.0	0.007014	-0.025136	0.003537
171.0	0.008756	-0.027214	0.009054
172.0	0.010424	-0.028482	0.014261
173.0	0.012015	-0.028914	0.019021
174.0	0.013524	-0.028507	0.023212
175.0	0.014945	-0.027280	0.026724
176.0	0.016277	-0.025280	0.029471
177.0	0.017515	-0.022573	0.031386
178.0	0.018656	-0.019243	0.032428
179.0	0.019698	-0.015394	0.032577
180.0	0.020639	-0.011143	0.031839
181.0	0.021478	-0.006617	0.030243
182.0	0.022212	-0.001949	0.027842
183.0	0.022841	0.002725	0.024711
184.0	0.023365	0.007270	0.020941
185.0	0.023783	0.011556	0.016642
186.0	0.024097	0.015462	0.011935
187.0	0.024307	0.018879	0.006954
188.0	0.024414	0.021714	0.001836
189.0	0.024419	0.023891	-0.003278
190.0	0.024326	0.025354	-0.008250
191.0	0.024135	0.026069	-0.012946
192.0	0.023850	0.026022	-0.017241
193.0	0.023473	0.025222	-0.021023
194.0	0.023008	0.023700	-0.024194
195.0	0.022458	0.021508	-0.026675
196.0	0.021826	0.018715	-0.028404
197.0	0.021118	0.015409	-0.029342
198.0	0.020337	0.011690	-0.029472
199.0	0.019488	0.007669	-0.028798
200.0	0.018574	0.003467	-0.027346
201.0	0.017602	-0.000795	-0.025164
202.0	0.016575	-0.004992	-0.022317
203.0	0.015500	-0.009002	-0.018891
204.0	0.014380	-0.012713	-0.014982
205.0	0.013222	-0.016020	-0.010704
206.0	0.012030	-0.018831	-0.006175
207.0	0.010810	-0.021068	-0.001521
208.0	0.009568	-0.022674	0.003131
209.0	0.008308	-0.023607	0.007652
210.0	0.007036	-0.023848	0.011923
211.0	0.005757	-0.023394	0.015828
212.0	0.004476	-0.022267	0.019266
213.0	0.003200	-0.020504	0.022146
214.0	0.001931	-0.018163	0.024395
215.0	0.000676	-0.015317	0.025959
216.0	-0.000560	-0.012053	0.026800
217.0	-0.001774	-0.008470	0.026903
218.0	-0.002961	-0.004673	0.026271
219.0	-0.004116	-0.000775	0.024928
220.0	-0.005235	0.003109	0.022917
221.0	-0.006314	0.006869	0.020299
222.0	-0.007351	0.010396	0.017150
223.0	-0.008340	0.013589	0.013562
224.0	-0.009280	0.016360	0.009635
225.0	-0.010167	0.018632	0.005480
226.0	-0.010998	0.020342	0.001212
227.0	-0.011771	0.021447	-0.003052
228.0	-0.012484	0.021920	-0.007196
229.0	-0.013135	0.021753	-0.011107
230.0	-0.013722	0.020955	-0.014681
231.0	-0.014244	0.019556	-0.017824
232.0	-0.014700	0.017601	-0.020453
233.0	-0.015088	0.015152	-0.022501
234.0	-0.015410	0.012283	-0.023918
235.0	-0.015663	0.009082	-0.024670
236.0	-0.015849	0.005644	-0.024741
237.0	-0.015967	0.002071	-0.024137
238.0	-0.016018	-0.001532	-0.022878
239.0	-0.016003	-0.005061	-0.021005
240.0	-0.015923	-0.008413	-0.018573
241.0	-0.015780	-0.011493	-0.015654
242.0	-0.015573	-0.014214	-0.012332
243.0	-0.015307	-0.016500	-0.008700
244.0	-0.014981	-0.018287	-0.004860
245.0	-0.014599	-0.019529	-0.000918
246.0	-0.014163	-0.020192	0.003017
247.0	-0.013676	-0.020264	0.006838
248.0	-0.013139	-0.019746	0.010442
249.0	-0.012557	-0.018659	0.013731
250.0	-0.011931	-0.017037	0.016620
251.0	-0.011266	-0.014933	0.019031
252.0	-0.010564	-0.012412	0.020902
253.0	-0.009829	-0.009550	0.022188
254.0	-0.009063	-0.006432	0.022858
255.0	-0.008271	-0.003152	0.022897
256.0	-0.007457	0.000194	0.022310
257.0	-0.006623	0.003509	0.021118
258.0	-0.005773	0.006696	0.019357
259.0	-0.004912	0.009664	0.017081
260.0	-0.004041	0.012328	0.014356
261.0	-0.003167	0.014613	0.011258
262.0	-0.002291	0.016456	0.007876
263.0	-0.001417	0.017806	0.004305
264.0	-0.000549	0.018628	0.000642
265.0	0.000310	0.018902	-0.003010
266.0	0.001156	0.018623	-0.006553
267.0	0.001986	0.017806	-0.009890
268.0	0.002797	0.016476	-0.012932
269.0	0.003587	0.014677	-0.015598
270.0	0.004351	0.012464	-0.017818
271.0	0.005088	0.009904	-0.019534
272.0	0.005795	0.007075	-0.020703
273.0	0.006469	0.004061	-0.021297
274.0	0.007107	0.000951	-0.021304
275.0	0.007709	-0.002165	-0.020728
276.0	0.008272	-0.005195	-0.019590
277.0	0.008794	-0.008052	-0.017923
278.0	0.009273	-0.010654	-0.015778
279.0	0.009708	-0.012927	-0.013217
280.0	0.010099	-0.014808	-0.010312
281.0	0.010443	-0.016245	-0.007146
282.0	0.010741	-0.017198	-0.003806
283.0	0.010991	-0.017644	-0.000386
284.0	0.011193	-0.017574	0.003021
285.0	0.011346	-0.016992	0.006321
286.0	0.011452	-0.015919	0.009426
287.0	0.011509	-0.014390	0.012251
288.0	0.011519	-0.012453	0.014721
289.0	0.011482	-0.010167	0.016771
290.0	0.011398	-0.007600	0.018348
291.0	0.011268	-0.004830	0.019412
292.0	0.011094	-0.001938	0.019937
293.0	0.010877	0.000991	0.019913
294.0	0.010618	0.003872	0.019344
295.0	0.010318	0.006620	0.018250
296.0	0.009980	0.009156	0.016663
297.0	0.009605	0.011409	0.014630
298.0	0.009195	0.013314	0.012211
299.0	0.008752	0.014819	0.009473
300.0	0.008278	0.015883	0.006494
301.0	0.007776	0.016476	0.003357
302.0	0.007248	0.016586	0.000148
303.0	0.006696	0.016211	-0.003043
304.0	0.006123	0.015367	-0.006130
305.0	0.005532	0.014081	-0.009029
306.0	0.004924	0.012393	-0.011662
307.0	0.004303	0.010354	-0.013959
308.0	0.003672	0.008027	-0.015858
309.0	0.003032	0.005481	-0.017311
310.0	0.002387	0.002792	-0.018280
311.0	0.001739	0.000039	-0.018742
312.0	0.001091	-0.002698	-0.018688
313.0	0.000446	-0.005338	-0.018123
314.0	-0.000194	-0.007807	-0.017065
315.0	-0.000827	-0.010032	-0.015546
316.0	-0.001449	-0.011951	-0.013610
317.0	-0.002059	-0.013509	-0.011314
318.0	-0.002654	-0.014664	-0.008723
319.0	-0.003232	-0.015384	-0.005908
320.0	-0.003790	-0.015651	-0.002949
321.0	-0.004327	-0.015461	0.000072
322.0	-0.004841	-0.014821	0.003072
323.0	-0.005330	-0.013753	0.005970
324.0	-0.005792	-0.012290	0.008687
325.0	-0.006225	-0.010478	0.011148
326.0	-0.006629	-0.008372	0.013290
327.0	-0.007001	-0.006035	0.015054
328.0	-0.007341	-0.003536	0.016395
329.0	-0.007648	-0.000948	0.017278
330.0	-0.007920	0.001651	0.017683
331.0	-0.008157	0.004186	0.017600
332.0	-0.008358	0.006584	0.017036
333.0	-0.008524	0.008776	0.016009
334.0	-0.008653	0.010698	0.014548
335.0	-0.008745	0.012297	0.012698
336.0	-0.008800	0.013529	0.010511
337.0	-0.008819	0.014358	0.008048
338.0	-0.008802	0.014764	0.005380
339.0	-0.008750	0.014736	0.002579
340.0	-0.008661	0.014280	-0.000275
341.0	-0.008539	0.013409	-0.003106
342.0	-0.008383	0.012153	-0.005834
343.0	-0.008194	0.010549	-0.008387
344.0	-0.007973	0.008647	-0.010696
345.0	-0.007722	0.006503	-0.012697
346.0	-0.007442	0.004183	-0.014339
347.0	-0.007135	0.001754	-0.015579
348.0	-0.006801	-0.000713	-0.016384
349.0	-0.006442	-0.003144	-0.016736
350.0	-0.006061	-0.005470	-0.016627
351.0	-0.005658	-0.007624	-0.016062
352.0	-0.005236	-0.009542	-0.015061
353.0	-0.004797	-0.011171	-0.013652
354.0	-0.004342	-0.012466	-0.011877
355.0	-0.003873	-0.013389	-0.009786
356.0	-0.003394	-0.013917	-0.007438
357.0	-0.002904	-0.014035	-0.004900
358.0	-0.002408	-0.013744	-0.002241
359.0	-0.001906	-0.013053	0.000464
360.0	-0.001401	-0.011985	0.003141
361.0	-0.000894	-0.010573	0.005718
362.0	-0.000389	-0.008861	0.008124
363.0	0.000113	-0.006899	0.010293
364.0	0.000611	-0.004747	0.012169
365.0	0.001101	-0.002468	0.013700
366.0	0.001583	-0.000130	0.014848
367.0	0.002054	0.002200	0.015582
368.0	0.002512	0.004452	0.015885
369.0	0.002956	0.006563	0.015750
370.0	0.003384	0.008471	0.015185
371.0	0.003795	0.010121	0.014205
372.0	0.004186	0.011467	0.012842
373.0	0.004557	0.012471	0.011133
374.0	0.004906	0.013106	0.009129
375.0	0.005233	0.013355	0.006884
376.0	0.005535	0.013212	0.004463
377.0	0.005812	0.012685	0.001932
378.0	0.006062	0.011791	-0.000639
379.0	0.006286	0.010557	-0.003178
380.0	0.006483	0.009022	-0.005617
381.0	0.006651	0.007231	-0.007889
382.0	0.006791	0.005238	-0.009933
383.0	0.006902	0.003103	-0.011694
384.0	0.006984	0.000889	-0.013125
385.0	0.007037	-0.001340	-0.014188
386.0	0.007061	-0.003519	-0.014857
387.0	0.007055	-0.005583	-0.015115
388.0	0.007021	-0.007474	-0.014956
389.0	0.006959	-0.009137	-0.014388
390.0	0.006869	-0.010524	-0.013429
391.0	0.006751	-0.011598	-0.012105
392.0	0.006607	-0.012327	-0.010457
393.0	0.006438	-0.012693	-0.008530
394.0	0.006243	-0.012686	-0.006378
395.0	0.006024	-0.012309	-0.004063
396.0	0.005783	-0.011574	-0.001648
397.0	0.005520	-0.010506	0.000801
398.0	0.005237	-0.009136	0.003215
399.0	0.004935	-0.007506	0.005529
400.0	0.004615	-0.005665	0.007680
401.0	0.004279	-0.003667	0.009609
402.0	0.003928	-0.001573	0.011265
403.0	0.003563	0.000557	0.012603
404.0	0.003187	0.002660	0.013590
405.0	0.002802	0.004675	0.014198
406.0	0.002407	0.006544	0.014414
407.0	0.002006	0.008212	0.014233
408.0	0.001600	0.009632	0.013663
409.0	0.001190	0.010765	0.012720
410.0	0.000779	0.011577	0.011433
411.0	0.000368	0.012047	0.009838
412.0	-0.000042	0.012164	0.007982
413.0	-0.000448	0.011924	0.005915
414.0	-0.000849	0.011337	0.003695
415.0	-0.001244	0.010423	0.001385
416.0	-0.001631	0.009208	-0.000952
417.0	-0.002008	0.007730	-0.003251
418.0	-0.002374	0.006033	-0.005451
419.0	-0.002728	0.004168	-0.007490
420.0	-0.003068	0.002191	-0.009314
421.0	-0.003394	0.000159	-0.010874
422.0	-0.003702	-0.001869	-0.012128
423.0	-0.003994	-0.003832	-0.013043
424.0	-0.004267	-0.005674	-0.013596
425.0	-0.004521	-0.007341	-0.013773
426.0	-0.004754	-0.008787	-0.013572
427.0	-0.004967	-0.009969	-0.012998
428.0	-0.005157	-0.010854	-0.012071
429.0	-0.005326	-0.011418	-0.010816
430.0	-0.005471	-0.011646	-0.009271
431.0	-0.005593	-0.011532	-0.007478
432.0	-0.005692	-0.011083	-0.005488
433.0	-0.005767	-0.010311	-0.003356
434.0	-0.005817	-0.009243	-0.001143
435.0	-0.005844	-0.007908	0.001092
436.0	-0.005847	-0.006350	0.003287
437.0	-0.005826	-0.004612	0.005381
438.0	-0.005781	-0.002748	0.007319
439.0	-0.005713	-0.000812	0.009046
440.0	-0.005623	0.001139	0.010517
441.0	-0.005510	0.003047	0.011693
442.0	-0.005375	0.004859	0.012543
443.0	-0.005220	0.006520	0.013044
444.0	-0.005044	0.007983	0.013185
445.0	-0.004850	0.009206	0.012964
446.0	-0.004637	0.010155	0.012387
447.0	-0.004406	0.010803	0.011473
448.0	-0.004159	0.011132	0.010248
449.0	-0.003897	0.011135	0.008747
450.0	-0.003621	0.010812	0.007013
451.0	-0.003332	0.010175	0.005094
452.0	-0.003032	0.009244	0.003043
453.0	-0.002721	0.008046	0.000918
454.0	-0.002401	0.006619	-0.001223
455.0	-0.002074	0.005004	-0.003321
456.0	-0.001740	0.003251	-0.005319
457.0	-0.001401	0.001410	-0.007162
458.0	-0.001060	-0.000465	-0.008800
459.0	-0.000716	-0.002317	-0.010189
460.0	-0.000371	-0.004093	-0.011293
461.0	-0.000027	-0.005743	-0.012082
462.0	0.000314	-0.007217	-0.012535
463.0	0.000653	-0.008474	-0.012643
464.0	0.000986	-0.009478	-0.012403
465.0	0.001313	-0.010201	-0.011823
466.0	0.001632	-0.010623	-0.010921
467.0	0.001943	-0.010732	-0.009723
468.0	0.002244	-0.010527	-0.008263
469.0	0.002534	-0.010016	-0.006583
470.0	0.002812	-0.009214	-0.004728
471.0	0.003077	-0.008146	-0.002752
472.0	0.003327	-0.006845	-0.000709
473.0	0.003562	-0.005349	0.001345
474.0	0.003782	-0.003703	0.003354
475.0	0.003984	-0.001955	0.005262
476.0	0.004169	-0.000158	0.007018
477.0	0.004336	0.001636	0.008573
478.0	0.004485	0.003375	0.009887
479.0	0.004614	0.005008	0.010923
480.0	0.004724	0.006487	0.011655
481.0	0.004814	0.007771	0.012065
482.0	0.004883	0.008823	0.012141
483.0	0.004933	0.009612	0.011883
484.0	0.004962	0.010118	0.011300
485.0	0.004971	0.010325	0.010409
486.0	0.004959	0.010230	0.009236
487.0	0.004928	0.009836	0.007814
488.0	0.004877	0.009156	0.006183
489.0	0.004806	0.008212	0.004389
490.0	0.004716	0.007031	0.002482
491.0	0.004608	0.005649	0.000514
492.0	0.004482	0.004109	-0.001460
493.0	0.004338	0.002454	-0.003385
494.0	0.004177	0.000734	-0.005210
495.0	0.004001	-0.001000	-0.006885
496.0	0.003809	-0.002699	-0.008363
497.0	0.003603	-0.004311	-0.009606
498.0	0.003384	-0.005791	-0.010580
499.0	0.003152	-0.007096	-0.011260
500.0	0.002909	-0.008188	-0.011627
501.0	0.002655	-0.009036	-0.011674
502.0	0.002392	-0.009617	-0.011400
503.0	0.002121	-0.009914	-0.010814
504.0	0.001843	-0.009921	-0.009933
505.0	0.001559	-0.009637	-0.008782
506.0	0.001271	-0.009073	-0.007395
507.0	0.000979	-0.008246	-0.005811
508.0	0.000685	-0.007181	-0.004073
509.0	0.000389	-0.005910	-0.002229
510.0	0.000094	-0.004471	-0.000332
511.0	-0.000200	-0.002908	0.001567
512.0	-0.000491	-0.001265	0.003415
513.0	-0.000779	0.000408	0.005163
514.0	-0.001062	0.002063	0.006761
515.0	-0.001339	0.003651	0.008168
516.0	-0.001609	0.005126	0.009345
517.0	-0.001871	0.006445	0.010261
518.0	-0.002123	0.007571	0.010891
519.0	-0.002366	0.008472	0.011220
520.0	-0.002598	0.009121	0.011239
521.0	-0.002818	0.009501	0.010950
522.0	-0.003026	0.009602	0.010360
523.0	-0.003220	0.009421	0.009489
524.0	-0.003400	0.008966	0.008359
525.0	-0.003565	0.008251	0.007005
526.0	-0.003714	0.007297	0.005463
527.0	-0.003848	0.006133	0.003777
528.0	-0.003966	0.004795	0.001994
529.0	-0.004067	0.003321	0.000162
530.0	-0.004150	0.001755	-0.001667
531.0	-0.004217	0.000145	-0.003443
532.0	-0.004266	-0.001464	-0.005118
533.0	-0.004298	-0.003024	-0.006647
534.0	-0.004312	-0.004490	-0.007987
535.0	-0.004308	-0.005819	-0.009102
536.0	-0.004287	-0.006973	-0.009963
537.0	-0.004249	-0.007919	-0.010547
538.0	-0.004194	-0.008630	-0.010840
539.0	-0.004122	-0.009085	-0.010833
540.0	-0.004034	-0.009274	-0.010529
541.0	-0.003930	-0.009190	-0.009936
542.0	-0.003810	-0.008838	-0.009073
543.0	-0.003676	-0.008229	-0.007963
544.0	-0.003528	-0.007382	-0.006639
545.0	-0.003366	-0.006321	-0.005138
546.0	-0.003191	-0.005080	-0.003500
547.0	-0.003004	-0.003695	-0.001772
548.0	-0.002807	-0.002207	-0.000002
549.0	-0.002598	-0.000659	0.001761
550.0	-0.002381	0.000902	0.003470
551.0	-0.002155	0.002431	0.005077
552.0	-0.001921	0.003883	0.006539
553.0	-0.001681	0.005216	0.007816
554.0	-0.001435	0.006393	0.008874
555.0	-0.001185	0.007378	0.009684
556.0	-0.000931	0.008143	0.010225
557.0	-0.000675	0.008668	0.010483
558.0	-0.000417	0.008938	0.010452
559.0	-0.000159	0.008945	0.010134
560.0	0.000098	0.008690	0.009538
561.0	0.000354	0.008183	0.008683
562.0	0.000607	0.007437	0.007592
563.0	0.000856	0.006477	0.006296
564.0	0.001100	0.005331	0.004832
565.0	0.001339	0.004033	0.003240
566.0	0.001571	0.002622	0.001565
567.0	0.001796	0.001139	-0.000147
568.0	0.002012	-0.000372	-0.001850
569.0	0.002219	-0.001867	-0.003495
570.0	0.002416	-0.003302	-0.005039
571.0	0.002602	-0.004636	-0.006438
572.0	0.002777	-0.005829	-0.007656
573.0	0.002940	-0.006848	-0.008660
574.0	0.003090	-0.007663	-0.009421
575.0	0.003227	-0.008250	-0.009922
576.0	0.003350	-0.008595	-0.010147
577.0	0.003459	-0.008687	-0.010094
578.0	0.003554	-0.008524	-0.009763
579.0	0.003633	-0.008113	-0.009164
580.0	0.003698	-0.007466	-0.008316
581.0	0.003747	-0.006603	-0.007243
582.0	0.003781	-0.005549	-0.005973
583.0	0.003799	-0.004337	-0.004545
584.0	0.003802	-0.003002	-0.002996
585.0	0.003790	-0.001584	-0.001370
586.0	0.003763	-0.000125	0.000288
587.0	0.003720	0.001334	0.001933
588.0	0.003662	0.002748	0.003519
589.0	0.003590	0.004077	0.005002
590.0	0.003504	0.005282	0.006343
591.0	0.003404	0.006329	0.007506
592.0	0.003291	0.007187	0.008458
593.0	0.003165	0.007832	0.009174
594.0	0.003027	0.008246	0.009636
595.0	0.002877	0.008417	0.009831
596.0	0.002716	0.008341	0.009756
597.0	0.002546	0.008022	0.009413
598.0	0.002365	0.007469	0.008812
599.0	0.002176	0.006699	0.007971
600.0	0.001979	0.005736	0.006913
601.0	0.001775	0.004609	0.005669
602.0	0.001565	0.003350	0.004274
603.0	0.001349	0.001997	0.002765
604.0	0.001129	0.000591	0.001186
605.0	0.000905	-0.000828	-0.000421
606.0	0.000679	-0.002219	-0.002011
607.0	0.000451	-0.003539	-0.003541
608.0	0.000222	-0.004752	-0.004968
609.0	-0.000006	-0.005822	-0.006254
610.0	-0.000234	-0.006718	-0.007363
611.0	-0.000459	-0.007415	-0.008267
612.0	-0.000682	-0.007892	-0.008941
613.0	-0.000901	-0.008137	-0.009366
614.0	-0.001115	-0.008143	-0.009533
615.0	-0.001324	-0.007911	-0.009437
616.0	-0.001527	-0.007448	-0.009082
617.0	-0.001722	-0.006769	-0.008479
618.0	-0.001910	-0.005894	-0.007644
619.0	-0.002089	-0.004849	-0.006602
620.0	-0.002259	-0.003666	-0.005382
621.0	-0.002419	-0.002380	-0.004018
622.0	-0.002568	-0.001028	-0.002548
623.0	-0.002707	0.000350	-0.001012
624.0	-0.002834	0.001713	0.000547
625.0	-0.002949	0.003022	0.002085
626.0	-0.003052	0.004238	0.003561
627.0	-0.003141	0.005326	0.004935
628.0	-0.003218	0.006255	0.006168
629.0	-0.003282	0.006998	0.007229
630.0	-0.003332	0.007534	0.008087
631.0	-0.003368	0.007848	0.008720
632.0	-0.003390	0.007931	0.009111
633.0	-0.003399	0.007782	0.009250
634.0	-0.003394	0.007405	0.009135
635.0	-0.003375	0.006814	0.008769
636.0	-0.003343	0.006024	0.008164
637.0	-0.003298	0.005061	0.007335
638.0	-0.003239	0.003953	0.006308
639.0	-0.003168	0.002733	0.005110
640.0	-0.003084	0.001436	0.003776
641.0	-0.002988	0.000102	0.002342
642.0	-0.002880	-0.001231	0.000848
643.0	-0.002761	-0.002525	-0.000665
644.0	-0.002632	-0.003740	-0.002155
645.0	-0.002492	-0.004842	-0.003580
646.0	-0.002343	-0.005799	-0.004903
647.0	-0.002186	-0.006583	-0.006087
648.0	-0.002020	-0.007172	-0.007100
649.0	-0.001846	-0.007550	-0.007915
650.0	-0.001666	-0.007706	-0.008510
651.0	-0.001480	-0.007635	-0.008869
652.0	-0.001289	-0.007342	-0.008982
653.0	-0.001093	-0.006834	-0.008849
654.0	-0.000894	-0.006128	-0.008473
655.0	-0.000692	-0.005245	-0.007865
656.0	-0.000488	-0.004211	-0.007042
657.0	-0.000283	-0.003057	-0.006029
658.0	-0.000077	-0.001818	-0.004852
659.0	0.000128	-0.000528	-0.003546
660.0	0.000331	0.000773	-0.002147
661.0	0.000532	0.002047	-0.000692
662.0	0.000731	0.003257	0.000777
663.0	0.000926	0.004369	0.002220
664.0	0.001116	0.005349	0.003598
665.0	0.001300	0.006170	0.004873
666.0	0.001479	0.006808	0.006010
667.0	0.001652	0.007245	0.006978
668.0	0.001816	0.007469	0.007752
669.0	0.001973	0.007473	0.008310
670.0	0.002122	0.007258	0.008638
671.0	0.002261	0.006832	0.008728
672.0	0.002390	0.006207	0.008577
673.0	0.002509	0.005403	0.008191
674.0	0.002618	0.004442	0.007581
675.0	0.002716	0.003355	0.006764
676.0	0.002802	0.002173	0.005764
677.0	0.002877	0.000930	0.004608
678.0	0.002940	-0.000336	0.003329
679.0	0.002991	-0.001589	0.001962
680.0	0.003030	-0.002791	0.000545
681.0	0.003056	-0.003908	-0.000883
682.0	0.003070	-0.004908	-0.002282
683.0	0.003071	-0.005761	-0.003614
684.0	0.003060	-0.006442	-0.004843
685.0	0.003037	-0.006934	-0.005936
686.0	0.003002	-0.007221	-0.006862
687.0	0.002954	-0.007296	-0.007596
688.0	0.002895	-0.007157	-0.008120
689.0	0.002825	-0.006809	-0.008419
690.0	0.002743	-0.006263	-0.008485
691.0	0.002651	-0.005535	-0.008318
692.0	0.002548	-0.004647	-0.007922
693.0	0.002436	-0.003626	-0.007310
694.0	0.002314	-0.002502	-0.006499
695.0	0.002183	-0.001308	-0.005511
696.0	0.002044	-0.000078	-0.004375
697.0	0.001898	0.001149	-0.003122
698.0	0.001744	0.002340	-0.001786
699.0	0.001584	0.003459	-0.000405
700.0	0.001418	0.004474	0.000983
701.0	0.001247	0.005354	0.002341
702.0	0.001071	0.006076	0.003630
703.0	0.000892	0.006617	0.004815
704.0	0.000710	0.006964	0.005865
705.0	0.000526	0.007105	0.006750
706.0	0.000340	0.007038	0.007448
707.0	0.000154	0.006766	0.007938
708.0	-0.000032	0.006296	0.008209
709.0	-0.000217	0.005643	0.008253
710.0	-0.000401	0.004827	0.008071
711.0	-0.000583	0.003872	0.007667
712.0	-0.000761	0.002807	0.007053
713.0	-0.000936	0.001662	0.006247
714.0	-0.001106	0.000472	0.005271
715.0	-0.001272	-0.000729	0.004153
716.0	-0.001431	-0.001905	0.002924
717.0	-0.001584	-0.003022	0.001619
718.0	-0.001731	-0.004048	0.000272
719.0	-0.001870	-0.004952	-0.001079
720.0	-0.002000	-0.005708	-0.002396
721.0	-0.002123	-0.006296	-0.003643
722.0	-0.002236	-0.006698	-0.004787
723.0	-0.002340	-0.006902	-0.005796
724.0	-0.002434	-0.006904	-0.006643
725.0	-0.002518	-0.006704	-0.007305
726.0	-0.002591	-0.006308	-0.007764
727.0	-0.002654	-0.005729	-0.008009
728.0	-0.002706	-0.004983	-0.008032
729.0	-0.002747	-0.004094	-0.007835
730.0	-0.002776	-0.003087	-0.007422
731.0	-0.002795	-0.001993	-0.006807
732.0	-0.002802	-0.000844	-0.006006
733.0	-0.002798	0.000328	-0.005042
734.0	-0.002782	0.001486	-0.003942
735.0	-0.002756	0.002598	-0.002737
736.0	-0.002718	0.003630	-0.001459
737.0	-0.002670	0.004554	-0.000145
738.0	-0.002611	0.005342	0.001169
739.0	-0.002542	0.005971	0.002448
740.0	-0.002463	0.006424	0.003656
741.0	-0.002374	0.006688	0.004760
742.0	-0.002276	0.006755	0.005730
743.0	-0.002169	0.006624	0.006540
744.0	-0.002054	0.006300	0.007168
745.0	-0.001931	0.005792	0.007598
746.0	-0.001800	0.005116	0.007817
747.0	-0.001663	0.004292	0.007820
748.0	-0.001520	0.003345	0.007609
749.0	-0.001371	0.002302	0.007188
750.0	-0.001217	0.001195	0.006572
751.0	-0.001059	0.000055	0.005776
752.0	-0.000897	-0.001082	0.004823
753.0	-0.000732	-0.002186	0.003740
754.0	-0.000564	-0.003222	0.002557
755.0	-0.000395	-0.004161	0.001307
756.0	-0.000225	-0.004976	0.000025
757.0	-0.000054	-0.005643	-0.001255
758.0	0.000116	-0.006144	-0.002497
759.0	0.000285	-0.006463	-0.003667
760.0	0.000452	-0.006592	-0.004733
761.0	0.000617	-0.006527	-0.005667
762.0	0.000779	-0.006272	-0.006441
763.0	0.000937	-0.005834	-0.007037
764.0	0.001091	-0.005227	-0.007438
765.0	0.001240	-0.004467	-0.007633
766.0	0.001384	-0.003580	-0.007617
767.0	0.001521	-0.002589	-0.007392
768.0	0.001652	-0.001526	-0.006964
769.0	0.001776	-0.000420	-0.006346
770.0	0.001893	0.000695	-0.005555
771.0	0.002001	0.001786	-0.004613
772.0	0.002101	0.002823	-0.003547
773.0	0.002192	0.003774	-0.002386
774.0	0.002274	0.004612	-0.001162
775.0	0.002347	0.005314	0.000090
776.0	0.002410	0.005857	0.001337
777.0	0.002463	0.006228	0.002544
778.0	0.002506	0.006416	0.003678
779.0	0.002539	0.006415	0.004707
780.0	0.002561	0.006227	0.005605
781.0	0.002574	0.005857	0.006346
782.0	0.002575	0.005316	0.006911
783.0	0.002567	0.004621	0.007284
784.0	0.002548	0.003792	0.007456
785.0	0.002519	0.002855	0.007422
786.0	0.002480	0.001836	0.007184
787.0	0.002431	0.000767	0.006750
788.0	0.002373	-0.000323	0.006130
789.0	0.002305	-0.001400	0.005344
790.0	0.002228	-0.002434	0.004413
791.0	0.002143	-0.003393	0.003362
792.0	0.002049	-0.004251	0.002222
793.0	0.001947	-0.004983	0.001024
794.0	0.001838	-0.005566	-0.000200
795.0	0.001722	-0.005985	-0.001415
796.0	0.001599	-0.006228	-0.002588
797.0	0.001470	-0.006288	-0.003687
798.0	0.001336	-0.006164	-0.004682
799.0	0.001196	-0.005860	-0.005545
800.0	0.001053	-0.005385	-0.006254
801.0	0.000905	-0.004753	-0.006789
802.0	0.000755	-0.003984	-0.007136
803.0	0.000602	-0.003100	-0.007286
804.0	0.000447	-0.002127	-0.007235
805.0	0.000290	-0.001095	-0.006985
806.0	0.000133	-0.000033	-0.006543
807.0	-0.000024	0.001027	-0.005923
808.0	-0.000180	0.002054	-0.005142
809.0	-0.000335	0.003019	-0.004220
810.0	-0.000489	0.003893	-0.003185
811.0	-0.000640	0.004651	-0.002065
812.0	-0.000788	0.005271	-0.000891
813.0	-0.000932	0.005735	0.000305
814.0	-0.001072	0.006030	0.001489
815.0	-0.001208	0.006148	0.002629
816.0	-0.001338	0.006085	0.003695
817.0	-0.001462	0.005845	0.004656
818.0	-0.001580	0.005434	0.005487
819.0	-0.001692	0.004864	0.006165
820.0	-0.001796	0.004154	0.006671
821.0	-0.001893	0.003324	0.006993
822.0	-0.001982	0.002399	0.007122
823.0	-0.002062	0.001406	0.007054
824.0	-0.002134	0.000374	0.006793
825.0	-0.002198	-0.000667	0.006345
826.0	-0.002252	-0.001685	0.005724
827.0	-0.002297	-0.002652	0.004947
828.0	-0.002333	-0.003539	0.004036
829.0	-0.002359	-0.004320	0.003016
830.0	-0.002376	-0.004972	0.001915
831.0	-0.002383	-0.005478	0.000764
832.0	-0.002381	-0.005821	-0.000405
833.0	-0.002369	-0.005994	-0.001560
834.0	-0.002348	-0.005991	-0.002669
835.0	-0.002317	-0.005812	-0.003702
836.0	-0.002277	-0.005464	-0.004631
837.0	-0.002228	-0.004956	-0.005430
838.0	-0.002171	-0.004305	-0.006078
839.0	-0.002104	-0.003529	-0.006557
840.0	-0.002030	-0.002651	-0.006855
841.0	-0.001947	-0.001698	-0.006964
842.0	-0.001857	-0.000698	-0.006880
843.0	-0.001760	0.000321	-0.006608
844.0	-0.001656	0.001327	-0.006154
845.0	-0.001546	0.002293	-0.005532
846.0	-0.001430	0.003189	-0.004760
847.0	-0.001308	0.003989	-0.003858
848.0	-0.001182	0.004671	-0.002852
849.0	-0.001051	0.005214	-0.001771
850.0	-0.000917	0.005604	-0.000643
851.0	-0.000779	0.005829	0.000500
852.0	-0.000638	0.005882	0.001627
853.0	-0.000495	0.005763	0.002706
854.0	-0.000351	0.005476	0.003708
855.0	-0.000206	0.005028	0.004606
856.0	-0.000060	0.004435	0.005375
857.0	0.000085	0.003714	0.005994
858.0	0.000230	0.002885	0.006447
859.0	0.000374	0.001973	0.006722
860.0	0.000515	0.001006	0.006811
861.0	0.000654	0.000012	0.006712
862.0	0.000790	-0.000980	0.006429
863.0	0.000923	-0.001941	0.005970
864.0	0.001051	-0.002843	0.005348
865.0	0.001175	-0.003660	0.004580
866.0	0.001294	-0.004368	0.003687
867.0	0.001407	-0.004946	0.002696
868.0	0.001514	-0.005378	0.001632
869.0	0.001615	-0.005652	0.000526
870.0	0.001709	-0.005760	-0.000592
871.0	0.001796	-0.005698	-0.001691
872.0	0.001876	-0.005470	-0.002741
873.0	0.001947	-0.005082	-0.003713
874.0	0.002011	-0.004547	-0.004581
875.0	0.002067	-0.003879	-0.005321
876.0	0.002114	-0.003100	-0.005913
877.0	0.002153	-0.002231	-0.006340
878.0	0.002182	-0.001299	-0.006593
879.0	0.002203	-0.000331	-0.006663
880.0	0.002215	0.000644	-0.006550
881.0	0.002219	0.001598	-0.006257
882.0	0.002213	0.002504	-0.005793
883.0	0.002198	0.003334	-0.005170
884.0	0.002175	0.004064	-0.004406
885.0	0.002143	0.004674	-0.003523
886.0	0.002103	0.005146	-0.002545
887.0	0.002054	0.005465	-0.001499
888.0	0.001997	0.005625	-0.000414
889.0	0.001932	0.005619	0.000679
890.0	0.001860	0.005448	0.001752
891.0	0.001781	0.005119	0.002774
892.0	0.001694	0.004640	0.003717
893.0	0.001601	0.004026	0.004556
894.0	0.001502	0.003296	0.005268
895.0	0.001397	0.002471	0.005833
896.0	0.001287	0.001576	0.006237
897.0	0.001172	0.000636	0.006468
898.0	0.001053	-0.000320	0.006520
899.0	0.000929	-0.001265	0.006393
900.0	0.000803	-0.002170	0.006091
901.0	0.000673	-0.003010	0.005621
902.0	0.000541	-0.003760	0.004998
903.0	0.000407	-0.004398	0.004239
904.0	0.000272	-0.004906	0.003365
905.0	0.000137	-0.005269	0.002400
906.0	0.000001	-0.005478	0.001371
907.0	-0.000135	-0.005525	0.000307
908.0	-0.000269	-0.005410	-0.000763
909.0	-0.000402	-0.005137	-0.001810
910.0	-0.000534	-0.004715	-0.002805
911.0	-0.000662	-0.004155	-0.003721
912.0	-0.000788	-0.003475	-0.004532
913.0	-0.000910	-0.002694	-0.005216
914.0	-0.001029	-0.001837	-0.005756
915.0	-0.001142	-0.000927	-0.006136
916.0	-0.001251	0.000008	-0.006346
917.0	-0.001355	0.000940	-0.006382
918.0	-0.001453	0.001843	-0.006241
919.0	-0.001545	0.002690	-0.005930
920.0	-0.001630	0.003456	-0.005455
921.0	-0.001709	0.004120	-0.004832
922.0	-0.001781	0.004661	-0.004077
923.0	-0.001845	0.005065	-0.003212
924.0	-0.001902	0.005319	-0.002260
925.0	-0.001951	0.005418	-0.001248
926.0	-0.001992	0.005357	-0.000204
927.0	-0.002025	0.005140	0.000844
928.0	-0.002050	0.004772	0.001866
929.0	-0.002066	0.004266	0.002835
930.0	-0.002074	0.003636	0.003723
931.0	-0.002074	0.002900	0.004507
932.0	-0.002066	0.002082	0.005166
933.0	-0.002049	0.001204	0.005680
934.0	-0.002025	0.000293	0.006038
935.0	-0.001992	-0.000625	0.006229
936.0	-0.001951	-0.001523	0.006247
937.0	-0.001903	-0.002374	0.006094
938.0	-0.001847	-0.003154	0.005774
939.0	-0.001784	-0.003839	0.005295
940.0	-0.001713	-0.004411	0.004672
941.0	-0.001637	-0.004853	0.003921
942.0	-0.001553	-0.005151	0.003064
943.0	-0.001464	-0.005298	0.002125
944.0	-0.001370	-0.005290	0.001129
945.0	-0.001270	-0.005126	0.000104
946.0	-0.001165	-0.004813	-0.000921
947.0	-0.001055	-0.004360	-0.001919
948.0	-0.000942	-0.003779	-0.002862
949.0	-0.000826	-0.003090	-0.003725
950.0	-0.000706	-0.002311	-0.004483
951.0	-0.000584	-0.001466	-0.005116
952.0	-0.000460	-0.000580	-0.005607
953.0	-0.000334	0.000321	-0.005942
954.0	-0.000207	0.001210	-0.006114
955.0	-0.000080	0.002063	-0.006117
956.0	0.000047	0.002853	-0.005951
957.0	0.000174	0.003558	-0.005623
958.0	0.000300	0.004157	-0.005140
959.0	0.000424	0.004634	-0.004517
960.0	0.000546	0.004973	-0.003770
961.0	0.000666	0.005167	-0.002922
962.0	0.000783	0.005208	-0.001995
963.0	0.000896	0.005097	-0.001015
964.0	0.001006	0.004837	-0.000009
965.0	0.001111	0.004436	0.000995
966.0	0.001211	0.003906	0.001970
967.0	0.001307	0.003262	0.002888
968.0	0.001396	0.002525	0.003725
969.0	0.001481	0.001714	0.004458
970.0	0.001559	0.000856	0.005067
971.0	0.001630	-0.000026	0.005535
972.0	0.001695	-0.000906	0.005849
973.0	0.001753	-0.001757	0.006002
974.0	0.001804	-0.002555	0.005990
975.0	0.001847	-0.003276	0.005813
976.0	0.001883	-0.003900	0.005476
977.0	0.001911	-0.004409	0.004989
978.0	0.001932	-0.004787	0.004366
979.0	0.001945	-0.005024	0.003624
980.0	0.001950	-0.005114	0.002784
981.0	0.001947	-0.005054	0.001869
982.0	0.001936	-0.004846	0.000905
983.0	0.001918	-0.004496	-0.000083
984.0	0.001892	-0.004016	-0.001066
985.0	0.001859	-0.003419	-0.002018
986.0	0.001818	-0.002723	-0.002913
987.0	0.001770	-0.001948	-0.003725
988.0	0.001715	-0.001118	-0.004433
989.0	0.001654	-0.000257	-0.005018
990.0	0.001586	0.000609	-0.005464
991.0	0.001511	0.001457	-0.005758
992.0	0.001431	0.002259	-0.005894
993.0	0.001346	0.002994	-0.005867
994.0	0.001255	0.003640	-0.005678
995.0	0.001159	0.004178	-0.005334
996.0	0.001059	0.004593	-0.004843
997.0	0.000955	0.004872	-0.004221
998.0	0.000848	0.005008	-0.003483
999.0	0.000737	0.004997	-0.002651
1000.0	0.000623	0.004839	-0.001748
